# ISS (ZARYA) - Two-Line Element Set
# Current as of December 2025
AO-95
1 43770U 18099N   18337.80370529  .00000000  00000-0  00000-0 0    18
2 43770  97.7684  46.9569 0012665 260.4419  20.6997 14.94922885    15
AO-95
1 43770U 18099N   18340.64944310 -.00000080 +00000-0 -20289-5 0  9991
2 43770 097.7693 049.7751 0012500 260.4949 203.3630 14.94637364000430
AO-95
1 43770U 18099N   18343.70970717 -.00000085 +00000-0 -25098-5 0  9999
2 43770 097.7686 052.8044 0013368 248.2912 111.6886 14.94634348000892
AO-95
1 43770U 18099N   18346.18676427  .00000010  00000-0  62468-5 0  9993
2 43770  97.7681  55.2562 0013533 239.2329 120.7559 14.94634814  1263
AO-95
1 43770U 18099N   18348.86466473  .00000342  00000-0  36916-4 0  9994
2 43770  97.7678  57.9066 0013669 229.3047 130.6987 14.94636254  1663
AO-95
1 43770U 18099N   18351.67645650  .00000621  00000-0  62551-4 0  9997
2 43770  97.7679  60.6895 0013834 219.1423 140.8798 14.94639244  2086
AO-95
1 43770U 18099N   18354.88992274 +.00000487 +00000-0 +50210-4 0  9999
2 43770 097.7675 063.8699 0014011 207.9167 152.1303 14.94642972002560
AO-95
1 43770U 18099N   18357.43391047  .00000111  00000-0  15617-4 0  9990
2 43770  97.7671  66.3876 0014195 199.4185 160.6497 14.94644894  2944
AO-95
1 43770U 18099N   18360.78126240 -.00000138 +00000-0 -74166-5 0  9999
2 43770 097.7665 069.7003 0014514 188.3257 171.7725 14.94645411003447
AO-95
1 43770U 18099N   18365.19976999  .00000432  00000-0  45099-4 0  9990
2 43770  97.7659  74.0726 0014970 173.5925 186.5490 14.94647613  4108
AO-95
1 43770U 18099N   19003.81490369 +.00000667 +00000-0 +66772-4 0  9992
2 43770 097.7658 077.6498 0015242 161.6675 198.5098 14.94651825004641

AO-95
1 43770U 18099N   19010.44261638 -.00000111  00000-0 -48918-5 0  9993
2 43770 097.7645 084.2076 0015607 140.7876 219.4478 14.94656420005630
AO-95
1 43770U 18099N   19017.20421966  .00000464  00000-0  48013-4 0  9990
2 43770  97.7636  90.8967 0016025 120.1750 240.1061 14.94658451  6647
AO-95
1 43770U 18099N   19024.16662838  .00000127  00000-0  17037-4 0  9996
2 43770  97.7626  97.7843 0016162  98.6428 261.6624 14.94664834  7688
AO-95
1 43770U 18099N   19031.19596476  .00000247  00000-0  28031-4 0  9990
2 43770  97.7614 104.7369 0016025  77.6141 282.6872 14.94666347  8730
AO-95
1 43770U 18099N   19038.15832936  .00000406  00000-0  42700-4 0  9993
2 43770  97.7603 111.6225 0015856  56.2686 304.0043 14.94673801  9771
AO-95
1 43770U 18099N   19044.85287864 -.00000022  00000-0  33321-5 0  9996
2 43770  97.7591 118.2423 0015330  35.1085 325.1143 14.94676059 10771
AO-95
1 43770U 18099N   19052.75243607  .00000567  00000-0  57542-4 0  9994
2 43770  97.7579 126.0527 0014715   9.9766 350.1744 14.94682460 11959
AO-95
1 43770U 18099N   19059.17916176 -.00000118  00000-0 -54912-5 0  9998
2 43770  97.7566 132.4061 0014211 347.9975  12.0905 14.94685169 12916
AO-95
1 43770U 18099N   19066.14144841  .00000603  00000-0  60852-4 0  9991
2 43770  97.7554 139.2880 0013577 323.6289  36.4007 14.94689343 13956
AO-95
1 43770U 18099N   19073.17064475 -.00000016  00000-0  38541-5 0  9996
2 43770  97.7543 146.2351 0013277 298.4049  61.5833 14.94695289 15005
AO-95
1 43770U 18099N   19080.73539445  .00000486  00000-0  50025-4 0  9990
2 43770  97.7529 153.7106 0013168 269.8760  90.0951 14.94698320 16133
AO-95
1 43770U 18099N   19087.83150494  .00000219  00000-0  25450-4 0  9999
2 43770  97.7520 160.7221 0013282 244.0248 115.9605 14.94705498 17198
AO-95
1 43770U 18099N   19087.83150494  .00000219  00000-0  25450-4 0  9999
2 43770  97.7520 160.7221 0013282 244.0248 115.9605 14.94705498 17198
AO-95
1 43770U 18099N   19101.15340957  .00000727  00000-0  72196-4 0  9999
2 43770  97.7501 173.8824 0014278 196.5324 163.5433 14.94715509 19186
AO-95
1 43770U 18099N   19107.91472809 -.00000074  00000-0 -14749-5 0  9999
2 43770 097.7491 180.5610 0014845 174.2836 185.8556 14.94720410020196
AO-95
1 43770U 18099N   19115.14464821  .00000695  00000-0  69227-4 0  9995
2 43770  97.7483 187.7016 0015544 150.9344 209.2745 14.94725555 21274
AO-95
1 43770U 18099N   19122.17369341 -.00000026  00000-0  29458-5 0  9999
2 43770  97.7478 194.6433 0015885 128.9054 231.3586 14.94731344 22328
AO-95
1 43770U 18099N   19129.20272584  .00000472  00000-0  48706-4 0  9992
2 43770  97.7471 201.5844 0016188 107.9661 252.3325 14.94734473 23379
AO-95
1 43770U 18099N   19136.16477241  .00000353  00000-0  37725-4 0  9999
2 43770  97.7468 208.4590 0016254  86.5623 273.7456 14.94744067 24411
AO-95
1 43770U 18099N   19143.19372880  .00000124  00000-0  16660-4 0  9994
2 43770  97.7460 215.3993 0015940  65.4932 294.7949 14.94746317 25463
AO-95
1 43770U 18099N   19150.15572532  .00000475  00000-0  48944-4 0  9993
2 43770  97.7460 222.2732 0015648  44.2088 316.0380 14.94752757 26501
AO-95
1 43770U 18099N   19156.84991823 -.00000090  00000-0 -29754-5 0  9997
2 43770 097.7456 228.8825 0015103 022.5590 337.6292 14.94755619027506
AO-95
1 43770U 18099N   19164.74905959  .00000583  00000-0  58859-4 0  9992
2 43770  97.7454 236.6813 0014334 356.9187   3.1942 14.94761127 28687
AO-95
1 43770U 18099N   19171.17544667 -.00000175  00000-0 -10788-4 0  9990
2 43770  97.7453 243.0259 0013881 334.6541  25.3997 14.94764403 29648
AO-95
1 43770U 18099N   19178.20431351  .00000418  00000-0  43700-4 0  9994
2 43770  97.7448 249.9649 0013323 309.2452  50.7585 14.94766007 30694
AO-95
1 43770U 18099N   19185.70174482  .00000031  00000-0  81486-5 0  9991
2 43770 097.7449 257.3665 0013082 281.9647 078.0106 14.94772203031812
AO-95
1 43770U 18099N   19191.19093019  .00000035  00000-0  85654-5 0  9992
2 43770  97.7443 262.7852 0013178 261.1108  98.8621 14.94772578 32630
AO-95
1 43770U 18099N   19199.15693690  .00000416  00000-0  43535-4 0  9991
2 43770  97.7443 270.6488 0013387 231.7166 128.2851 14.94778992 33823
AO-95
1 43770U 18099N   19206.18574051 -.00000184  00000-0 -11620-4 0  9996
2 43770  97.7435 277.5867 0013964 207.0757 152.9736 14.94780235 34879
AO-95
1 43770U 18099N   19213.75007824  .00000571  00000-0  57734-4 0  9990
2 43770  97.7434 285.0527 0014646 180.9097 179.2099 14.94784719 36001
AO-95
1 43770U 18099N   19219.77474134 -.00000123  00000-0 -59590-5 0  9998
2 43770  97.7428 290.9987 0015103 161.4928 198.6845 14.94788500 36900
AO-95
1 43770U 18099N   19227.40598247  .00000450  00000-0  46598-4 0  9993
2 43770  97.7422 298.5297 0015772 137.6177 222.6264 14.94790166 38046
AO-95
1 43770U 18099N   19233.76532298  .00000106  00000-0  15015-4 0  9991
2 43770  97.7416 304.8050 0016051 117.7142 242.5709 14.94795440 38998
AO-95
1 43770U 18099N   19241.19569518  .00000135  00000-0  17704-4 0  9991
2 43770  97.7407 312.1363 0016148  95.6472 264.6590 14.94795833 40109
AO-95
1 43770U 18099N   19241.19569518  .00000135  00000-0  17704-4 0  9991
2 43770  97.7407 312.1363 0016148  95.6472 264.6590 14.94795833 40109
AO-95
1 43770U 18099N   19255.78859515 -.00000046  00000-0  10237-5 0  9997
2 43770  97.7394 326.5325 0015683  50.9448 309.3165 14.94805630 42284
AO-95
1 43770U 18099N   19262.14786463  .00000582  00000-0  58635-4 0  9993
2 43770  97.7384 332.8049 0015245  31.5045 328.7085 14.94810345 43239
AO-95
1 43770U 18099N   19269.17649340 -.00000131  00000-0 -67504-5 0  9993
2 43770  97.7376 339.7370 0014739   8.2492 351.8967 14.94814410 44286
AO-95
1 43770U 18099N   19276.74063225  .00000605  00000-0  60791-4 0  9990
2 43770  97.7366 347.1961 0013956 342.6512  17.4230 14.94818705 45417
AO-95
1 43770U 18099N   19283.76921981  .00000085  00000-0  13118-4 0  9995
2 43770  97.7362 354.1266 0013549 318.0817  41.9365 14.94825413 46463
AO-95
1 43770U 18099N   19290.12841069  .00000205  00000-0  24086-4 0  9991
2 43770  97.7349   0.3963 0013268 294.3714  65.6121 14.94826613 47414
AO-95
1 43770U 18099N   19297.15697689  .00000534  00000-0  54322-4 0  9999
2 43770  97.7344   7.3252 0013089 268.5561  91.4160 14.94834053 48464
AO-95
1 43770U 18099N   19304.18550805  .00000027  00000-0  77961-5 0  9991
2 43770  97.7333  14.2532 0013404 242.7595 117.2260 14.94838750 49515
AO-95
1 43770U 18099N   19310.67852854  .00000691  00000-0  68646-4 0  9997
2 43770  97.7328  20.6527 0013771 218.8325 141.1907 14.94844293 50487
AO-95
1 43770U 18099N   19318.77802250 -.00000066  00000-0 -76385-6 0  9990
2 43770  97.7318  28.6352 0014346 191.4248 168.6649 14.94850942 51698
AO-95
1 43770U 18099N   19325.67262773  .00000608  00000-0  60975-4 0  9993
2 43770  97.7309  35.4291 0015046 168.4180 191.7389 14.94854380 52726
AO-95
1 43770U 18099N   19332.43331836  .00000240  00000-0  27220-4 0  9990
2 43770  97.7304  42.0906 0015495 146.7043 213.5155 14.94862539 53734
AO-95
1 43770U 18099N   19339.46173739  .00000153  00000-0  19316-4 0  9996
2 43770  97.7294  49.0155 0015859 125.3034 234.9672 14.94863965 54783
AO-95
1 43770U 18099N   19346.15545329  .00000554  00000-0  56015-4 0  9990
2 43770  97.7289  55.6100 0016127 104.6423 255.6587 14.94870712 55785
AO-95
1 43770U 18099N   19353.11687723 -.00000095  00000-0 -34021-5 0  9995
2 43770  97.7280  62.4675 0016005  83.4780 276.8262 14.94874006 56825
AO-95
1 43770U 18099N   19360.74766031  .00000625  00000-0  62491-4 0  9990
2 43770  97.7272  69.9837 0015835  60.5291 299.7507 14.94879121 57966
AO-95
1 43770U 18099N   20002.77596897 -.00000148  00000-0 -82529-5 0  9996
2 43770  97.7262  76.9059 0015413  38.2357 321.9953 14.94883522 59017
AO-95
1 43770U 18099N   20008.46555020  .00000327  00000-0  35227-4 0  9990
2 43770  97.7254  82.5089 0014882  20.1429 340.0375 14.94884847 59867
AO-95
1 43770U 18099N   20016.43092948  .00000163  00000-0  20185-4 0  9996
2 43770  97.7245  90.3526 0014302 353.9121   6.1924 14.94892798 61051
AO-95
1 43770U 18099N   20023.19144378  .00000043  00000-0  92467-5 0  9992
2 43770 097.7233 097.0090 0013748 329.9604 030.0827 14.94893351062066
AO-95
1 43770U 18099N   20030.48743924  .00000521  00000-0  53014-4 0  9999
2 43770  97.7222 104.1917 0013235 304.0501  55.9462 14.94899616 63155
AO-95
1 43770U 18099N   20037.64953028 -.00000123  00000-0 -60247-5 0  9999
2 43770  97.7210 111.2418 0013194 277.5660  82.4062 14.94902904 64226
AO-95
1 43770U 18099N   20044.47694891  .00000594  00000-0  59658-4 0  9991
2 43770 097.7198 117.9615 0013212 251.7772 108.2011 14.94907005065243
AO-95
1 43770U 18099N   20051.43820526  .00000026  00000-0  76865-5 0  9991
2 43770 097.7188 124.8122 0013528 226.9658 133.0431 14.94913080066286
AO-95
1 43770U 18099N   20058.39945683  .00000324  00000-0  34957-4 0  9991
2 43770  97.7171 131.6616 0014179 202.3713 157.6891 14.94914811 67326
AO-95
1 43770U 18099N   20065.15988311  .00000439  00000-0  45399-4 0  9997
2 43770  97.7163 138.3128 0014672 179.2903 180.8341 14.94922220 68333
AO-95
1 43770U 18099N   20072.45576062 -.00000036  00000-0  19119-5 0  9990
2 43770  97.7147 145.4898 0015283 156.1310 204.0622 14.94923766 69421
AO-95
1 43770U 18099N   20078.94841777  .00000672  00000-0  66672-4 0  9998
2 43770  97.7138 151.8756 0015818 135.4984 224.7510 14.94929310 70390
AO-95
1 43770U 18099N   20086.84664830 -.00000107  00000-0 -45599-5 0  9990
2 43770 097.7123 159.6427 0016022 111.2838 249.0095 14.94935047071576
AO-95
1 43770U 18099N   20093.13845192  .00000543  00000-0  54897-4 0  9994
2 43770 097.7114 165.8294 0016146 092.6099 267.6970 14.94938149072514
AO-95
1 43770U 18099N   20100.76888751  .00000109  00000-0  15156-4 0  9993
2 43770  97.7106 173.3315 0016043  69.0812 291.2124 14.94946550 73655
AO-95
1 43770U 18099N   20107.66303092  .00000292  00000-0  31886-4 0  9990
2 43770  97.7094 180.1090 0015564  48.0441 312.2103 14.94948765 74684
AO-95
1 43770U 18099N   20114.49021582  .00000551  00000-0  55568-4 0  9991
2 43770  97.7089 186.8198 0015170  26.7765 333.4236 14.94956802 75702
AO-95
1 43770U 18099N   20121.11656529 -.00000053  00000-0  36462-6 0  9995
2 43770 097.7080 193.3330 0014543 004.6255 355.5097 14.94959924076693
AO-95
1 43770U 18099N   20121.11656529 -.00000053  00000-0  36462-6 0  9995
2 43770 097.7080 193.3330 0014543 004.6255 355.5097 14.94959924076693
AO-95
1 43770U 18099N   20135.90866749 -.00000158  00000-0 -92162-5 0  9999
2 43770 097.7070 207.8710 0013399 313.3960 046.6144 14.94970573078906
AO-95
1 43770U 18099N   20142.73577545  .00000451  00000-0  46521-4 0  9992
2 43770  97.7065 214.5800 0013058 287.7304  72.2491 14.94972525 79925
AO-95
1 43770U 18099N   20149.76365340  .00000208  00000-0  24239-4 0  9992
2 43770  97.7065 221.4862 0012971 261.9771  97.9978 14.94980015 80979
AO-95
1 43770U 18099N   20156.18912725  .00000025  00000-0  75695-5 0  9991
2 43770  97.7059 227.8005 0013345 238.1158 121.8764 14.94981337 81937
AO-95
1 43770U 18099N   20163.15005342  .00000666  00000-0  66052-4 0  9991
2 43770  97.7059 234.6404 0013728 212.6496 147.3878 14.94988015 82977
AO-95
1 43770U 18099N   20170.84719006 -.00000219  00000-0 -14762-4 0  9991
2 43770 097.7055 242.2036 0014384 186.6886 173.4145 14.94991475084121
AO-95
1 43770U 18099N   20177.47342618  .00000520  00000-0  52751-4 0  9991
2 43770 097.7054 248.7144 0015095 164.6599 195.5082 14.94994009085119
AO-95
1 43770U 18099N   20184.70201022 -.00000017  00000-0  36970-5 0  9996
2 43770  97.7053 255.8168 0015563 141.5693 218.6639 14.95000198 86194
AO-95
1 43770U 18099N   20191.46206500  .00000162  00000-0  19997-4 0  9992
2 43770  97.7048 262.4586 0015948 121.1856 239.0930 14.95000546 87209
AO-95
1 43770U 18099N   20198.48982597  .00000429  00000-0  44371-4 0  9998
2 43770 097.7048 269.3630 0016234 099.6156 260.6899 14.95007031088252
AO-95
1 43770U 18099N   20205.45062244 -.00000157  00000-0 -90964-5 0  9992
2 43770 097.7042 276.2014 0016041 078.6027 281.6994 14.95008435089292
AO-95
1 43770U 18099N   20212.47834662  .00000581  00000-0  58193-4 0  9999
2 43770 097.7039 283.1051 0015832 057.5976 302.6774 14.95012825090348
AO-95
1 43770U 18099N   20219.43909766 -.00000079  00000-0 -19894-5 0  9990
2 43770  97.7035 289.9427 0015410  35.4896 324.7346 14.95018049 91382
AO-95
1 43770U 18099N   20226.19905182  .00000319  00000-0  34332-4 0  9997
2 43770 097.7026 296.5824 0014714 013.8134 346.3486 14.95019487092392
AO-95
1 43770U 18099N   20233.76214105  .00000205  00000-0  23910-4 0  9990
2 43770  97.7023 304.0103 0014140 348.7747  11.3156 14.95026485 93522
AO-95
1 43770U 18099N   20240.18740453 -.00000039  00000-0  16373-5 0  9996
2 43770 097.7012 310.3203 0013633 325.7136 034.3203 14.95026878094484
AO-95
1 43770U 18099N   20247.75047157  .00000642  00000-0  63869-4 0  9997
2 43770  97.7009 317.7466 0013081 298.5406  61.4498 14.95033899 95610
AO-95
1 43770U 18099N   20254.17569780 -.00000208  00000-0 -13726-4 0  9999
2 43770 097.6998 324.0552 0013075 274.8322 085.1405 14.95037247096578
AO-95
1 43770U 18099N   20261.47101757  .00000524  00000-0  53037-4 0  9994
2 43770 097.6990 331.2171 0013223 247.0985 112.8841 14.95039463097664
AO-95
1 43770U 18099N   20268.43166088  .00000185  00000-0  22091-4 0  9994
2 43770  97.6981 338.0496 0013507 222.1365 137.8818 14.95046585 98700
AO-95
1 43770U 18099N   20275.45921600  .00000343  00000-0  36499-4 0  9996
2 43770 097.6972 344.9471 0014190 197.7626 162.3100 14.95050207099754
AO-95
1 43770U 18099N   20282.15210503  .00000696  00000-0  68629-4 0  9995
2 43770  97.6962 351.5152 0014754 174.8775 185.2600 14.95058653100755
AO-95
1 43770U 18099N   20289.44731022 -.00000104  00000-0 -42496-5 0  9999
2 43770 097.6955 358.6737 0015264 151.7951 208.4100 14.95062396101844
AO-95
1 43770U 18099N   20296.40786846  .00000813  00000-0  79274-4 0  9995
2 43770 097.6944 005.5027 0015830 130.0663 230.1949 14.95068091102887
AO-95
1 43770U 18099N   20303.43529915  .00000245  00000-0  27491-4 0  9992
2 43770 097.6940 012.3969 0015995 108.2075 252.0889 14.95077519103938
AO-95
1 43770U 18099N   20310.46270077  .00000453  00000-0  46488-4 0  9993
2 43770 097.6927 019.2903 0015993 087.4126 272.8925 14.95081859104989
AO-95
1 43770U 18099N   20317.15542709  .00000678  00000 0  66939-4 0  9991
2 43770  97.6924  25.8546 0015933  66.8602 293.4296 14.95091944105983
AO-95
1 43770U 18099N   20324.45044745  .00000122  00000-0  16334-4 0  9998
2 43770  97.6911  33.0091 0015430  43.9622 316.2823 14.95097259107072
AO-95
1 43770U 18099N   20331.74544059  .00001068  00000-0  10248-3 0  9998
2 43770  97.6907  40.1629 0014901  21.3154 338.8684 14.95108732108160
AO-95
1 43770U 18099N   20338.17031764  .00000472  00000-0  48161-4 0  9990
2 43770  97.6899  46.4633 0014462 359.7657   0.3555 14.95121554109124
AO-95
1 43770U 18099N   20338.17031764  .00000472  00000-0  48161-4 0  9990
2 43770  97.6899  46.4633 0014462 359.7657   0.3555 14.95121554109124
AO-95
1 43770U 18099N   20352.42539690  .00000545  00000-0  54830-4 0  9996
2 43770  97.6883  60.4399 0013292 310.0438  49.9616 14.95140559111259
AO-95
1 43770U 18099N   20358.71631808  .00000300  00000-0  32521-4 0  9990
2 43770  97.6874  66.6073 0013176 286.5524  73.4249 14.95145418112197
AO-95
1 43770U 18099N   20366.47956309  .00000993  00000-0  95595-4 0  9996
2 43770  97.6865  74.2175 0013058 257.4091 102.5669 14.95156036113357
AO-95
1 43770U 18099N   21007.43965810 -.00000006  00000-0  46659-5 0  9996
2 43770  97.6856  81.0398 0013418 232.4912 127.5090 14.95162870114398
AO-95
1 43770U 18099N   21014.46667448  .00000560  00000-0  56152-4 0  9995
2 43770  97.6843  87.9268 0014003 207.1478 152.9012 14.95166299115444
AO-95
1 43770U 18099N   21021.15903796  .00000416  00000-0  42985-4 0  9997
2 43770  97.6836  94.4849 0014447 184.2163 175.8939 14.95175038116446
AO-95
1 43770U 18099N   21028.45368293  .00000300  00000-0  32464-4 0  9997
2 43770  97.6822 101.6328 0015089 160.9054 199.2736 14.95179388117535
AO-95
1 43770U 18099N   21035.41369136  .00000835  00000-0  81056-4 0  9992
2 43770  97.6814 108.4517 0015679 138.4833 221.7582 14.95187671118570
AO-95
1 43770U 18099N   21042.44057001 -.00000114  00000-0 -51544-5 0  9990
2 43770  97.6800 115.3353 0015857 116.8587 243.4257 14.95192871119629
AO-95
1 43770U 18099N   21049.46744012  .00000568  00000-0  56765-4 0  9994
2 43770  97.6786 122.2178 0016044  95.9648 264.3402 14.95196605120678
AO-95
1 43770U 18099N   21049.46744012  .00000568  00000-0  56765-4 0  9994
2 43770  97.6786 122.2178 0016044  95.9648 264.3402 14.95196605120678
AO-95
1 43770U 18099N   21063.45411000  .00000398  00000-0  41307-4 0  9994
2 43770  97.6759 135.9145 0015542  52.7781 307.4856 14.95213982122766
AO-95
1 43770U 18099N   21063.45411000  .00000398  00000-0  41307-4 0  9994
2 43770  97.6759 135.9145 0015542  52.7781 307.4856 14.95213982122766
AO-95
1 43770U 18099N   21070.48085460  .00000765  00000-0  74665-4 0  9993
2 43770  97.6748 142.7939 0015141  31.2438 328.9680 14.95222878123811
AO-95
1 43770U 18099N   21077.44062148  .00000094  00000-0  13734-4 0  9999
2 43770  97.6735 149.6070 0014597   8.0282 352.1170 14.95230592124852
AO-95
1 43770U 18099N   21091.15930911  .00000498  00000-0  50376-4 0  9996
2 43770  97.6714 163.0338 0013401 321.0959  38.9296 14.95248789126901
AO-95
1 43770U 18099N   21098.65433941  .00000243  00000-0  27247-4 0  9998
2 43770  97.6699 170.3682 0013118 292.9443  67.0393 14.95251701128029
AO-95
1 43770U 18099N   21105.41323777  .00000861  00000-0  83309-4 0  9993
2 43770  97.6692 176.9812 0012867 267.7484  92.2264 14.95260629129032
AO-95
1 43770U 18099N   21112.43975981  .00000129  00000-0  16911-4 0  9995
2 43770  97.6684 183.8556 0013185 242.1548 117.8337 14.95269848130081
AO-95
1 43770U 18099N   21119.46626335  .00000835  00000-0  80893-4 0  9995
2 43770  97.6675 190.7294 0013701 216.2585 143.7709 14.95277668131131
AO-95
1 43770U 18099N   21126.42579825  .00000356  00000-0  37402-4 0  9996
2 43770  97.6670 197.5371 0014143 191.9994 168.0892 14.95287844132176
AO-95
1 43770U 18099N   21133.71989815  .00000296  00000-0  31979-4 0  9996
2 43770  97.6661 204.6716 0014885 168.3586 191.7982 14.95291247133263
AO-95
1 43770U 18099N   21140.14403884  .00000929  00000-0  89349-4 0  9995
2 43770  97.6660 210.9546 0015485 147.3648 212.8533 14.95300945134226
AO-95
1 43770U 18099N   21147.37113160 -.00000004  00000-0  47919-5 0  9995
2 43770  97.6656 218.0231 0015789 125.0210 235.2495 14.95309178135309
AO-95
1 43770U 18099N   21154.46437051  .00000599  00000-0  59422-4 0  9990
2 43770  97.6651 224.9601 0016089 103.9038 256.3973 14.95314317136361
AO-95
1 43770U 18099N   21161.75831180  .00000345  00000-0  36421-4 0  9994
2 43770  97.6652 232.0932 0016151  81.4344 278.8707 14.95324193137457
AO-95
1 43770U 18099N   21168.44996257  .00000212  00000-0  24370-4 0  9997
2 43770  97.6646 238.6372 0015742  61.1399 299.1400 14.95328619138454
AO-95
1 43770U 18099N   21175.47617363  .00000821  00000-0  79448-4 0  9998
2 43770  97.6648 245.5082 0015391  39.9106 320.3244 14.95337099139502
AO-95
1 43770U 18099N   21182.43541155  .00000170  00000-0  20550-4 0  9994
2 43770  97.6644 252.3137 0014870  17.0927 343.0791 14.95345271140540
AO-95
1 43770U 18099N   21189.46154955  .00000594  00000-0  58921-4 0  9995
2 43770  97.6640 259.1841 0014089 353.6624   6.4416 14.95349690141597
AO-95
1 43770U 18099N   21196.15307364  .00000467  00000-0  47444-4 0  9990
2 43770  97.6640 265.7273 0013564 330.9309  29.1155 14.95358514142592
AO-95
1 43770U 18099N   21203.78137906  .00000307  00000-0  32957-4 0  9997
2 43770  97.6632 273.1864 0013183 302.6529  57.3419 14.95362859143739
AO-95
1 43770U 18099N   21210.74052101  .00000920  00000-0  88451-4 0  9995
2 43770  97.6630 279.9905 0012851 276.6350  83.3409 14.95371758144771
AO-95
1 43770U 18099N   21217.43195310  .00000034  00000-0  82425-5 0  9990
2 43770  97.6628 286.5326 0013008 252.1737 107.8066 14.95379175145775
AO-95
1 43770U 18099N   21217.43195310  .00000034  00000-0  82425-5 0  9990
2 43770  97.6628 286.5326 0013008 252.1737 107.8066 14.95379175145775
AO-95
1 43770U 18099N   21224.45795172  .00000387  00000-0  40195-4 0  9990
2 43770  97.6616 293.4011 0013481 226.0130 133.9980 14.95381727146820
AO-95
1 43770U 18099N   21231.41701106  .00000621  00000-0  61294-4 0  9992
2 43770  97.6614 300.2036 0013896 201.0585 159.0065 14.95391167147866
AO-95
1 43770U 18099N   21238.17528905  .00000086  00000-0  12895-4 0  9994
2 43770  97.6604 306.8093 0014505 178.9310 181.1944 14.95395919148879
AO-95
1 43770U 18099N   21245.73651047  .00001017  00000-0  97052-4 0  9991
2 43770  97.6596 314.1987 0015284 154.1056 206.0933 14.95406578150008
AO-95
1 43770U 18099N   21253.43148066  .00000312  00000-0  33328-4 0  9992
2 43770  97.6586 321.7180 0015646 129.8670 230.3930 14.95418527151150
AO-95
1 43770U 18099N   21266.41245829  .00001062  00000-0  10100-3 0  9994
2 43770  97.6570 334.4004 0016113  90.7250 269.5817 14.95435678153098
AO-95
1 43770U 18099N   21266.41245829  .00001062  00000-0  10100-3 0  9994
2 43770  97.6570 334.4004 0016113  90.7250 269.5817 14.95435678153098
AO-95
1 43770U 18099N   21280.73144574  .00001102  00000-0  10455-3 0  9998
2 43770  97.6547 348.3865 0015404  47.1155 313.1357 14.95459186155236
AO-95
1 43770U 18099N   21287.15482330  .00000920  00000-0  88072-4 0  9994
2 43770  97.6541 354.6596 0015063  26.6282 333.5710 14.95474962156199
AO-95
1 43770U 18099N   21294.44796852  .00000509  00000-0  51077-4 0  9999
2 43770  97.6528   1.7813 0014311   2.1039 358.0239 14.95484083157284
AO-95
1 43770U 18099N   21301.13889168  .00001433  00000-0  13433-3 0  9997
2 43770  97.6520   8.3142 0013681 339.7317  20.3359 14.95498250158285
AO-95
1 43770U 18099N   21308.43189455  .00001944  00000-0  18033-3 0  9997
2 43770  97.6513  15.4344 0013350 313.8668  46.1450 14.95525201159371
AO-95
1 43770U 18099N   21315.52409808  .00000868  00000-0  83326-4 0  9994
2 43770  97.6500  22.3578 0013024 286.9881  72.9913 14.95534111160438
AO-95
1 43770U 18099N   21322.41552016  .00000900  00000-0  86195-4 0  9994
2 43770  97.6498  29.0847 0012876 261.6931  98.2830 14.95548180161461
AO-95
1 43770U 18099N   21329.44070154  .00000239  00000-0  26696-4 0  9997
2 43770  97.6485  35.9418 0013312 236.1976 123.7979 14.95555714162515
AO-95
1 43770U 18099N   21336.46585589  .00001450  00000-0  13567-3 0  9998
2 43770  97.6479  42.7977 0013777 210.3643 149.6781 14.95570119163564
AO-95
1 43770U 18099N   21343.89235585  .00000264  00000-0  28848-4 0  9992
2 43770  97.6471  50.0450 0014248 185.0664 175.0415 14.95584276164678
AO-95
1 43770U 18099N   21350.91739207  .00000638  00000-0  62501-4 0  9992
2 43770  97.6461  56.9001 0014933 162.5319 197.6419 14.95589967165725
AO-95
1 43770U 18099N   21357.87545527  .00002203  00000-0  20299-3 0  9991
2 43770  97.6453  63.6889 0015503 139.6994 220.5379 14.95616670166761
AO-95
1 43770U 18099N   21364.16434593  .00001129  00000-0  10646-3 0  9992
2 43770  97.6446  69.8247 0015647 120.1940 240.0834 14.95638937167702
--
AO-95
1 43770U 18099N   21364.16434593  .00001129  00000-0  10646-3 0  9992
2 43770  97.6446  69.8247 0015647 120.1940 240.0834 14.95638937167702
AO-95
1 43770U 18099N   21364.16434593  .00001129  00000-0  10646-3 0  9992
2 43770  97.6446  69.8247 0015647 120.1940 240.0834 14.95638937167702
AO-95
1 43770U 18099N   22013.88280713  .00000979  00000-0  92942-4 0  9998
2 43770  97.6428  84.1828 0015933  75.6678 284.6311 14.95667246169900
AO-95
1 43770U 18099N   22020.43908430  .00001066  00000-0  10072-3 0  9991
2 43770  97.6412  90.5776 0015488  55.1965 305.0711 14.95686862170889
AO-95
1 43770U 18099N   22027.73119455  .00001351  00000-0  12623-3 0  9993
2 43770  97.6402  97.6894 0015003  32.9947 327.2207 14.95703867171975
AO-95
1 43770U 18099N   22034.88938241  .00001770  00000-0  16373-3 0  9990
2 43770  97.6390 104.6701 0014586   9.6650 350.4849 14.95733053173044
AO-95
1 43770U 18099N   22041.44536741  .00001649  00000-0  15280-3 0  9990
2 43770  97.6375 111.0627 0013953 346.7330  13.3523 14.95755449174029
AO-95
1 43770U 18099N   22048.73710196  .00001927  00000-0  17762-3 0  9993
2 43770  97.6364 118.1718 0013238 321.8373  38.1910 14.95786314175114
AO-95
1 43770U 18099N   22055.15905995  .00000977  00000-0  92539-4 0  9990
2 43770  97.6352 124.4326 0013080 298.6237  61.3668 14.95807269176078
AO-95
1 43770U 18099N   22055.15905995  .00000977  00000-0  92539-4 0  9990
2 43770  97.6352 124.4326 0013080 298.6237  61.3668 14.95807269176078
AO-95
1 43770U 18099N   22069.74200110  .00002589  00000-0  23637-3 0  9990
2 43770  97.6324 138.6461 0012866 243.1986 116.7919 14.95859531178256
AO-95
1 43770U 18099N   22076.43119690  .00001309  00000-0  12193-3 0  9990
2 43770  97.6308 145.1651 0013466 220.2163 139.8063 14.95892795179258
AO-95
1 43770U 18099N   22083.45475734  .00001817  00000-0  16719-3 0  9996
2 43770  97.6294 152.0087 0014154 195.2843 164.7953 14.95913179180306
AO-95
1 43770U 18099N   22090.41128861  .00004523  00000-0  40784-3 0  9992
2 43770  97.6289 158.7858 0014671 170.7075 189.4420 14.95958623181349
AO-95
1 43770U 18099N   22097.43444524  .00002695  00000-0  24474-3 0  9994
2 43770  97.6262 165.6287 0015000 150.0201 210.1883 14.96009350182398
AO-95
1 43770U 18099N   22104.45739132  .00002702  00000-0  24510-3 0  9997
2 43770  97.6256 172.4694 0015661 128.0036 232.2602 14.96052123183440
AO-95
1 43770U 18099N   22111.41324092  .00003327  00000-0  30017-3 0  9999
2 43770  97.6250 179.2453 0016030 105.9742 254.3247 14.96100249184489
AO-95
1 43770U 18099N   22118.43575037  .00004035  00000-0  36254-3 0  9991
2 43770  97.6236 186.0853 0015487  84.8735 275.4253 14.96146592185534
AO-95
1 43770U 18099N   22125.45801882  .00003911  00000-0  35114-3 0  9997
2 43770  97.6223 192.9249 0015426  64.2630 296.0182 14.96198578186581
AO-95
1 43770U 18099N   22132.14570413  .00002703  00000-0  24406-3 0  9994
2 43770  97.6233 199.4387 0015265  43.6834 316.5593 14.96234905187585
AO-95
1 43770U 18099N   22139.43506654  .00004436  00000-0  39679-3 0  9992
2 43770  97.6207 206.5379 0014435  18.4733 341.7009 14.96284990188675
AO-95
1 43770U 18099N   22146.18918103  .00003428  00000-0  30746-3 0  9994
2 43770  97.6211 213.1171 0013676 356.7367   3.3763 14.96340035189684
AO-95
1 43770U 18099N   22153.14368599  .00001835  00000-0  16684-3 0  9991
2 43770  97.6216 219.8912 0013094 333.6725  26.3830 14.96380514190724
AO-95
1 43770U 18099N   22160.63301191  .00001043  00000-0  96971-4 0  9997
2 43770  97.6209 227.1861 0012912 305.0478  54.9531 14.96398937191844
AO-95
1 43770U 18099N   22166.91862485  .00003189  00000-0  28588-3 0  9993
2 43770  97.6199 233.3084 0012607 280.7990  79.1813 14.96425969192789
AO-95
1 43770U 18099N   22174.40768411  .00002615  00000-0  23510-3 0  9993
2 43770  97.6211 240.6031 0012343 252.9217 107.0653 14.96468845193905
AO-95
1 43770U 18099N   22181.42851422  .00000569  00000-0  55033-4 0  9990
2 43770  97.6205 247.4420 0013011 228.2125 131.7985 14.96487755194951
AO-95
1 43770U 18099N   22188.18182876  .00001439  00000-0  13144-3 0  9993
2 43770  97.6195 254.0196 0013704 203.8807 156.1781 14.96504746195965
AO-95
1 43770U 18099N   22195.13561511  .00003195  00000-0  28535-3 0  9994
2 43770  97.6200 260.7926 0014255 178.5691 181.5574 14.96543368197000
AO-95
1 43770U 18099N   22202.15605762  .00002326  00000-0  20887-3 0  9999
2 43770  97.6193 267.6314 0014629 156.8502 203.3382 14.96585196198054
AO-95
1 43770U 18099N   22208.90891863  .00001202  00000-0  11032-3 0  9991
2 43770  97.6185 274.2084 0015111 136.7150 223.5262 14.96604945199063
AO-95
1 43770U 18099N   22216.12971232  .00001560  00000-0  14154-3 0  9998
2 43770  97.6182 281.2406 0015768 114.1053 246.1820 14.96624992200143
AO-95
1 43770U 18099N   22223.14979809  .00001662  00000-0  15036-3 0  9999
2 43770  97.6181 288.0777 0015774  92.1646 268.1382 14.96654136201194
AO-95
1 43770U 18099N   22230.16975214  .00002074  00000-0  18628-3 0  9993
2 43770  97.6165 294.9140 0015291  70.9411 289.3465 14.96681062202246
AO-95
1 43770U 18099N   22237.12274064  .00001403  00000-0  12765-3 0  9992
2 43770  97.6160 301.6840 0015056  50.5865 309.6687 14.96701040203286
AO-95
1 43770U 18099N   22244.40988923  .00001495  00000-0  13556-3 0  9997
2 43770  97.6155 308.7794 0014756  27.6431 332.5572 14.96726112204372
AO-95
1 43770U 18099N   22251.63004936  .00001662  00000-0  15011-3 0  9997
2 43770  97.6145 315.8090 0014065   2.2136 357.9146 14.96754259205454
AO-95
1 43770U 18099N   22258.44894865  .00003650  00000-0  32335-3 0  9998
2 43770  97.6120 322.4468 0013219 338.9418  21.1258 14.96794254206478
AO-95
1 43770U 18099N   22265.73562005  .00002974  00000-0  26418-3 0  9999
2 43770  97.6131 329.5391 0012509 314.5806  45.4394 14.96834042207566
AO-95
1 43770U 18099N   22272.42046290  .00002344  00000-0  20907-3 0  9994
2 43770  97.6108 336.0461 0012590 289.3936  70.5925 14.96868735208560
AO-95
1 43770U 18099N   22279.70675247  .00005417  00000-0  47569-3 0  9999
2 43770  97.6096 343.1366 0012952 261.3394  98.6361 14.96925972209652
AO-95
1 43770U 18099N   22286.45795010  .00004592  00000-0  40334-3 0  9996
2 43770  97.6081 349.7061 0012675 235.2491 124.7538 14.97000385210663
AO-95
1 43770U 18099N   22293.40934674  .00002934  00000-0  25912-3 0  9993
2 43770  97.6097 356.4702 0012955 210.3994 149.6478 14.97064128211700
AO-95
1 43770U 18099N   22300.42736493  .00002150  00000-0  19102-3 0  9997
2 43770  97.6063   3.3009 0013703 188.5660 171.5330 14.97099662212757
AO-95
1 43770U 18099N   22307.44518010  .00004829  00000-0  42192-3 0  9999
2 43770  97.6052  10.1279 0014463 165.0597 195.1056 14.97159571213803
AO-95
1 43770U 18099N   22314.46265736  .00004784  00000-0  41714-3 0  9992
2 43770  97.6047  16.9559 0015167 140.6036 219.6293 14.97238961214853
AO-95
1 43770U 18099N   22321.14565984  .00002204  00000-0  19461-3 0  9992
2 43770  97.6048  23.4577 0015256 119.7663 240.5079 14.97288998215850
AO-95
1 43770U 18099N   22328.16264116  .00001853  00000-0  16429-3 0  9994
2 43770  97.6026  30.2854 0014916  99.3020 260.9890 14.97316633216904
AO-95
1 43770U 18099N   22335.64726717  .00002771  00000-0  24304-3 0  9996
2 43770  97.6014  37.5652 0015109  77.4929 282.7983 14.97353874218025
AO-95
1 43770U 18099N   22342.59707289  .00004711  00000-0  40908-3 0  9995
2 43770  97.6016  44.3262 0015327  56.6239 303.6448 14.97406076219062
AO-95
1 43770U 18099N   22349.14567245  .00003282  00000-0  28620-3 0  9998
2 43770  97.6009  50.6964 0014855  35.0977 325.1221 14.97459210220044
AO-95
1 43770U 18099N   22356.42907630  .00003247  00000-0  28290-3 0  9997
2 43770  97.5992  57.7819 0013994   9.3610 350.7871 14.97508148221133
AO-95
1 43770U 18099N   22363.44497795  .00003520  00000-0  30592-3 0  9995
2 43770  97.5973  64.6046 0013166 346.5954  13.4917 14.97556240222185
AO-95
1 43770U 18099N   23005.05972995  .00005321  00000-0  45921-3 0  9999
2 43770  97.5981  71.0390 0012466 325.4510  34.5901 14.97618542223175
AO-95
1 43770U 18099N   23011.60736113  .00005560  00000-0  47870-3 0  9997
2 43770  97.5976  77.4079 0012306 301.9282  58.0743 14.97693469224156
AO-95
1 43770U 18099N   23019.15673425  .00006647  00000-0  56965-3 0  9993
2 43770  97.5954  84.7519 0012756 273.2147  86.7616 14.97799343225282
AO-95
1 43770U 18099N   23025.70354460  .00005959  00000-0  51004-3 0  9990
2 43770  97.5927  91.1193 0012939 248.1809 111.8038 14.97890339226265
AO-95
1 43770U 18099N   23033.38561538  .00005219  00000-0  44652-3 0  9999
2 43770  97.5926  98.5906 0012834 218.0018 142.0301 14.97964400227417
AO-95
1 43770U 18099N   23040.86687680  .00010454  00000-0  88617-3 0  9993
2 43770  97.5918 105.8668 0013106 191.0738 169.0198 14.98074582228538
AO-95
1 43770U 18099N   23047.14525767  .00010735  00000-0  90688-3 0  9991
2 43770  97.5917 111.9756 0013465 171.7130 188.4317 14.98198936229474
AO-95
1 43770U 18099N   23054.42497905  .00005812  00000-0  49232-3 0  9991
2 43770  97.5869 119.0559 0013828 150.8999 209.2997 14.98287765230561
AO-95
1 43770U 18099N   23061.10324284  .00006244  00000-0  52715-3 0  9993
2 43770  97.5860 125.5510 0014379 130.4572 229.7907 14.98384592231569
AO-95
1 43770U 18099N   23068.64902380  .00013743  00000-0  11481-2 0  9994
2 43770  97.5840 132.8884 0015182 106.4904 253.7988 14.98550426232699
AO-95
1 43770U 18099N   23075.39275324  .00011378  00000-0  94802-3 0  9996
2 43770  97.5841 139.4481 0015466  85.1932 275.1056 14.98694896233702
AO-95
1 43770U 18099N   23082.40297968  .00007000  00000-0  58393-3 0  9996
2 43770  97.5841 146.2686 0015208  63.1351 297.1424 14.98799738234750
AO-95
1 43770U 18099N   23089.14560681  .00007952  00000-0  66072-3 0  9998
2 43770  97.5823 152.8294 0014421  40.1160 320.1125 14.98917199235767
AO-95
1 43770U 18099N   23096.15478462  .00005719  00000-0  47558-3 0  9999
2 43770  97.5791 159.6472 0013412  14.8041 345.3573 14.99014580236815
AO-95
1 43770U 18099N   23103.16356230  .00005768  00000-0  47871-3 0  9999
2 43770  97.5767 166.4637 0012579 349.9027  10.1942 14.99096697237868
AO-95
1 43770U 18099N   23110.90607099  .00006856  00000-0  56646-3 0  9990
2 43770  97.5755 173.9933 0011636 323.6205  36.4226 14.99216511239022
AO-95
1 43770U 18099N   23117.17972874  .00005342  00000-0  44148-3 0  9995
2 43770  97.5746 180.0949 0010784 301.7535  58.2637 14.99308122239965
AO-95
1 43770U 18099N   23124.38735492  .00005427  00000-0  44761-3 0  9994
2 43770  97.5757 187.1053 0010189 275.1155  84.8906 14.99389325241042
AO-95
1 43770U 18099N   23131.39435593  .00007647  00000-0  62686-3 0  9994
2 43770  97.5764 193.9233 0010154 249.0409 110.9728 14.99490345242093
AO-95
1 43770U 18099N   23138.13399452  .00004086  00000-0  33657-3 0  9996
2 43770  97.5778 200.4827 0010649 225.2136 134.8222 14.99569371243106
AO-95
1 43770U 18099N   23145.74073712  .00004226  00000-0  34724-3 0  9991
2 43770  97.5763 207.8868 0011371 200.9412 159.1348 14.99645535244248
AO-95
1 43770U 18099N   23152.14617122  .00004207  00000-0  34523-3 0  9998
2 43770  97.5747 214.1199 0012073 182.2584 177.8587 14.99690875245206
AO-95
1 43770U 18099N   23159.15186941  .00004614  00000-0  37747-3 0  9999
2 43770  97.5712 220.9362 0012681 162.5853 197.5808 14.99749843246251
AO-95
1 43770U 18099N   23166.15727749  .00004152  00000-0  33958-3 0  9991
2 43770  97.5706 227.7507 0013143 142.7938 217.4199 14.99812498247307
AO-95
1 43770U 18099N   23173.42921045  .00005352  00000-0  43538-3 0  9992
2 43770  97.5689 234.8246 0013634 121.3227 238.9333 14.99891920248390
AO-95
1 43770U 18099N   23180.70073482  .00004506  00000-0  36644-3 0  9994
2 43770  97.5689 241.8974 0014172  99.7339 260.5486 14.99975318249481
AO-95
1 43770U 18099N   23187.43826210  .00004462  00000-0  36235-3 0  9993
2 43770  97.5680 248.4519 0014624  79.9786 280.3087 15.00032967250495
AO-95
1 43770U 18099N   23194.70914765  .00005243  00000-0  42409-3 0  9992
2 43770  97.5687 255.5251 0014914  58.8995 301.3690 15.00102604251585
AO-95
1 43770U 18099N   23201.71284723  .00005732  00000-0  46222-3 0  9996
2 43770  97.5683 262.3400 0014817  38.3465 321.8809 15.00185410252632
AO-95
1 43770U 18099N   23208.58276389  .00006245  00000-0  50207-3 0  9995
2 43770  97.5698 269.0251 0014548  17.4029 342.7691 15.00268740253664
AO-95
1 43770U 18099N   23214.71867364  .00006427  00000-0  51562-3 0  9993
2 43770  97.5708 274.9984 0014081 357.9007   2.2156 15.00344385254580
AO-95
1 43770U 18099N   23222.12134966  .00006146  00000-0  49215-3 0  9992
2 43770  97.5725 282.2061 0013534 332.7330  27.3182 15.00440467255697
AO-95
1 43770U 18099N   23229.12347801  .00006393  00000-0  51068-3 0  9996
2 43770  97.5738 289.0265 0013154 307.5344  52.4684 15.00522125256740
AO-95
1 43770U 18099N   23235.12499115  .00005762  00000-0  45994-3 0  9999
2 43770  97.5744 294.8737 0013035 285.4748  74.5036 15.00595073257643
AO-95
1 43770U 18099N   23243.59333239  .00005324  00000-0  42427-3 0  9995
2 43770  97.5760 303.1266 0013285 254.5721 105.4035 15.00688354258916
AO-95
1 43770U 18099N   23250.19426772  .00006159  00000-0  48901-3 0  9994
2 43770  97.5761 309.5602 0013681 231.0346 128.9660 15.00765459259900
AO-95
1 43770U 18099N   23257.12822381  .00008187  00000-0  64666-3 0  9999
2 43770  97.5770 316.3202 0014222 207.5899 152.4572 15.00857039260941
AO-95
1 43770U 18099N   23264.39504660  .00007696  00000-0  60635-3 0  9999
2 43770  97.5759 323.4052 0014784 183.8450 176.2663 15.00969273262033
AO-95
1 43770U 18099N   23271.59462083  .00007640  00000-0  59986-3 0  9997
2 43770  97.5770 330.4256 0015154 161.1959 198.9828 15.01096502263116
AO-95
1 43770U 18099N   23278.12701990  .00010722  00000-0  83693-3 0  9993
2 43770  97.5758 336.7966 0015259 140.8052 219.4280 15.01221634264098
AO-95
1 43770U 18099N   23285.72515888  .00010928  00000-0  84901-3 0  9997
2 43770  97.5775 344.2081 0015302 117.2440 243.0346 15.01393843265232
AO-95
1 43770U 18099N   23292.58943342  .00010803  00000-0  83646-3 0  9996
2 43770  97.5768 350.9075 0015247  95.5410 264.7554 15.01526622266262
AO-95
1 43770U 18099N   23299.11996599  .00006593  00000-0  51116-3 0  9992
2 43770  97.5792 357.2818 0015225  74.9979 285.2929 15.01629928267247
AO-95
1 43770U 18099N   23306.44959206  .00008349  00000-0  64371-3 0  9999
2 43770  97.5787   4.4384 0015136  52.2079 308.0514 15.01762666268344
AO-95
1 43770U 18099N   23313.11224921  .00009463  00000-0  72592-3 0  9992
2 43770  97.5809  10.9464 0014995  31.6109 328.6013 15.01923266269345
AO-95
1 43770U 18099N   23320.10741031  .00006354  00000-0  48791-3 0  9995
2 43770  97.5799  17.7813 0014605  10.5901 349.5628 15.02022689270391
AO-95
1 43770U 18099N   23327.70172605  .00008694  00000-0  66418-3 0  9998
2 43770  97.5808  25.2017 0013915 347.9321  12.1568 15.02115917271538
AO-95
1 43770U 18099N   23334.69589069  .00010775  00000-0  81885-3 0  9998
2 43770  97.5789  32.0368 0013078 325.4123  34.6250 15.02263037272582
AO-95
1 43770U 18099N   23341.15659123  .00005188  00000-0  39595-3 0  9999
2 43770  97.5784  38.3504 0012220 301.9881  58.0156 15.02367992273554
AO-95
1 43770U 18099N   23348.14981158  .00003962  00000-0  30303-3 0  9997
2 43770  97.5762  45.1849 0012130 275.0669  84.9172 15.02421078274602
AO-95
1 43770U 18099N   23355.07610643  .00007926  00000-0  59982-3 0  9993
2 43770  97.5739  51.9517 0012747 249.2145 110.7715 15.02517421275643
AO-95
1 43770U 18099N   23362.13508905  .00006645  00000-0  50208-3 0  9994
2 43770  97.5709  58.8502 0013595 224.8728 135.1399 15.02629061276709
AO-95
1 43770U 18099N   24004.72633568  .00005552  00000-0  41922-3 0  9996
2 43770  97.5691  66.2638 0014288 199.8270 160.2401 15.02716329277848
AO-95
1 43770U 18099N   24011.71786030  .00009554  00000-0  71579-3 0  9993
2 43770  97.5696  73.0930 0014675 176.2251 183.9088 15.02819670278894
AO-95
1 43770U 18099N   24018.70878298  .00009637  00000-0  71910-3 0  9998
2 43770  97.5707  79.9243 0015161 151.8001 208.4048 15.02964619279942
AO-95
1 43770U 18099N   24025.09992256  .00008782  00000-0  65354-3 0  9994
2 43770  97.5708  86.1716 0016052 129.9785 230.2853 15.03082459280902
AO-95
1 43770U 18099N   24032.15629073  .00006231  00000-0  46382-3 0  9990
2 43770  97.5684  93.0691 0016723 106.4501 253.8564 15.03181531281963
AO-95
1 43770U 18099N   24039.67815570  .00008550  00000-0  63280-3 0  9995
2 43770  97.5667 100.4216 0016546  84.0909 276.2202 15.03287936283096
AO-95
1 43770U 18099N   24046.40070243  .00008812  00000-0  65010-3 0  9998
2 43770  97.5625 106.9907 0015708  62.4622 297.8197 15.03413064284107
AO-95
1 43770U 18099N   24053.12269406  .00007005  00000-0  51639-3 0  9991
2 43770  97.5619 113.5588 0015129  39.5339 320.6987 15.03524883285112
AO-95
1 43770U 18099N   24060.11039810  .00006246  00000-0  45969-3 0  9997
2 43770  97.5612 120.3865 0014663  17.4903 342.6824 15.03633605286166
AO-95
1 43770U 18099N   24066.16601277  .00007851  00000-0  57521-3 0  9990
2 43770  97.5616 126.3056 0014135 359.0906   1.0292 15.03729621287070
AO-95
1 43770U 18099N   24074.41702284  .00006207  00000-0  45456-3 0  9995
2 43770  97.5587 134.3703 0013113 331.6417  28.4094 15.03840802288319
AO-95
1 43770U 18099N   24081.40331429  .00008834  00000-0  64331-3 0  9992
2 43770  97.5563 141.1978 0013037 303.8427  56.1558 15.03936601289362
AO-95
1 43770U 18099N   24088.12284991  .00008793  00000-0  63746-3 0  9992
2 43770  97.5534 147.7628 0013399 277.9021  82.0684 15.04101139290378
AO-95
1 43770U 18099N   24095.10786008  .00006193  00000-0  44905-3 0  9992
2 43770  97.5546 154.5890 0013390 251.8749 108.1019 15.04216405291429
AO-95
1 43770U 18099N   24102.69108413  .00006231  00000-0  45060-3 0  9999
2 43770  97.5531 162.0012 0013316 222.2402 137.7799 15.04312513292565
AO-95
1 43770U 18099N   24109.54208247  .00012639  00000-0  90490-3 0  9992
2 43770  97.5517 168.6975 0013996 198.2547 161.8179 15.04464534293590
AO-95
1 43770U 18099N   24116.12614624  .00014947  00000-0  10626-2 0  9990
2 43770  97.5485 175.1312 0014540 178.9911 181.1347 15.04684294294587
AO-95
1 43770U 18099N   24123.10834245  .00008472  00000-0  60209-3 0  9998
2 43770  97.5497 181.9578 0014998 156.1825 204.0099 15.04838643295633
AO-95
1 43770U 18099N   24130.42241971  .00009895  00000-0  69996-3 0  9991
2 43770  97.5490 189.1094 0015823 131.4574 228.8015 15.04958578296738
AO-95
1 43770U 18099N   24137.13723663  .00014278  00000-0  10015-2 0  9997
2 43770  97.5471 195.6761 0015735 111.4743 248.8163 15.05184419297742
AO-95
1 43770U 18099N   24144.11699376  .00011115  00000-0  77670-3 0  9994
2 43770  97.5460 202.5011 0015079  90.2277 270.0677 15.05393380298795
AO-95
1 43770U 18099N   24151.16241675  .00006977  00000-0  48768-3 0  9998
2 43770  97.5468 209.3947 0015164  68.4552 291.8289 15.05524606299859
AO-95
1 43770U 18099N   24158.14085394  .00009469  00000-0  65818-3 0  9991
2 43770  97.5461 216.2226 0014671  46.9369 313.3084 15.05641862300904
AO-95
1 43770U 18099N   24165.11867009  .00008878  00000-0  61535-3 0  9992
2 43770  97.5445 223.0504 0013759  21.9343 338.2470 15.05779430301956
AO-95
1 43770U 18099N   24172.09591003  .00005824  00000-0  40416-3 0  9998
2 43770  97.5463 229.8784 0013170 359.7652   0.3566 15.05890058303003
AO-95
1 43770U 18099N   24179.20556681  .00008465  00000-0  58381-3 0  9995
2 43770  97.5443 236.8384 0012461 334.0967  25.9635 15.05993545304075
AO-95
1 43770U 18099N   24186.44751151  .00008204  00000-0  56385-3 0  9991
2 43770  97.5450 243.9263 0012379 305.5412  54.4661 15.06132424305163
AO-95
1 43770U 18099N   24193.62240269  .00007635  00000-0  52349-3 0  9995
2 43770  97.5442 250.9516 0011804 278.6554  81.3336 15.06253249306249
AO-95
1 43770U 18099N   24200.13244735  .00012449  00000-0  84721-3 0  9990
2 43770  97.5436 257.3254 0012269 253.3799 106.6081 15.06384905307220
AO-95
1 43770U 18099N   24207.10679338  .00011344  00000-0  76898-3 0  9994
2 43770  97.5433 264.1564 0012827 228.4205 131.5923 15.06547390308279
AO-95
1 43770U 18099N   24214.14688795  .00012647  00000-0  85350-3 0  9993
2 43770  97.5436 271.0514 0013206 201.6985 158.3684 15.06682161309339
AO-95
1 43770U 18099N   24221.71753774  .00015600  00000-0  10461-2 0  9996
2 43770  97.5406 278.4670 0013893 178.7247 181.4018 15.06862184310477
AO-95
1 43770U 18099N   24228.15821634  .00016821  00000-0  11184-2 0  9991
2 43770  97.5421 284.7775 0014364 156.3628 203.8263 15.07154902311441
AO-95
1 43770U 18099N   24235.12881680  .00016108  00000-0  10644-2 0  9991
2 43770  97.5385 291.6100 0014518 135.4998 224.7399 15.07392416312490
AO-95
1 43770U 18099N   24241.10284166  .00016014  00000-0  10534-2 0  9996
2 43770  97.5398 297.4650 0014647 116.9224 243.3502 15.07558624313395
AO-95
1 43770U 18099N   24249.66424221  .00020367  00000-0  13265-2 0  9993
2 43770  97.5369 305.8603 0014456  90.5317 269.7567 15.07874785314688
AO-95
1 43770U 18099N   24256.56502745  .00048967  00000-0  31443-2 0  9992
2 43770  97.5374 312.6262 0014061  68.5643 291.7084 15.08192449315726
AO-95
1 43770U 18099N   24263.13279619  .00012247  00000-0  78870-3 0  9992
2 43770  97.5349 319.0707 0013612  47.9930 312.2455 15.08416732316719
AO-95
1 43770U 18099N   24270.09773034  .00019027  00000-0  12159-2 0  9995
2 43770  97.5350 325.9024 0013038  25.2239 334.9624 15.08606262317766
AO-95
1 43770U 18099N   24277.65843035  .00023981  00000-0  15183-2 0  9997
2 43770  97.5326 333.3230 0012286 358.3816   1.7370 15.08905158318906
AO-95
1 43770U 18099N   24284.42171762  .00028502  00000-0  17850-2 0  9998
2 43770  97.5320 339.9608 0011724 335.3276  24.7390 15.09272891319924
AO-95
1 43770U 18099N   24291.58128506  .00016520  00000-0  10306-2 0  9997
2 43770  97.5306 346.9920 0011540 307.2568  52.7608 15.09534087321004
AO-95
1 43770U 18099N   24298.40839437  .00016650  00000-0  10326-2 0  9993
2 43770  97.5293 353.6963 0011036 281.6918  78.3073 15.09754008322036
AO-95
1 43770U 18099N   24305.63189413  .00024420  00000-0  14963-2 0  9994
2 43770  97.5275   0.7928 0011208 254.2914 105.7079 15.10110464323126
AO-95
1 43770U 18099N   24312.85347953  .00025628  00000-0  15525-2 0  9997
2 43770  97.5259   7.8900 0011556 228.2615 131.7627 15.10511160324218
AO-95
1 43770U 18099N   24319.14608315  .00013031  00000-0  78676-3 0  9990
2 43770  97.5265  14.0767 0011699 203.9680 156.1006 15.10781032325160
AO-95
1 43770U 18099N   24326.10011893  .00014339  00000-0  86072-3 0  9994
2 43770  97.5238  20.9139 0012266 180.5538 179.5680 15.10964209326215
AO-95
1 43770U 18099N   24333.11938807  .00019082  00000-0  11353-2 0  9995
2 43770  97.5239  27.8190 0012681 157.1405 203.0392 15.11218249327270
AO-95
1 43770U 18099N   24340.40217371  .00017299  00000-0  10215-2 0  9995
2 43770  97.5215  34.9837 0013167 132.7580 227.4760 15.11505279328377
AO-95
1 43770U 18099N   24347.15419615  .00012445  00000-0  73201-3 0  9992
2 43770  97.5227  41.6283 0013451 111.1821 249.0848 15.11720454329399
AO-95
1 43770U 18099N   24354.10391588  .00014227  00000-0  83175-3 0  9994
2 43770  97.5199  48.4680 0013326  90.0514 270.2243 15.11908275330440
AO-95
1 43770U 18099N   24361.38358972  .00016668  00000-0  96757-3 0  9993
2 43770  97.5199  55.6349 0013139  67.0990 293.1626 15.12131482331546
AO-95
1 43770U 18099N   25001.40493399  .00024409  00000-0  14043-2 0  9990
2 43770  97.5179  61.5640 0013029  48.6192 311.6156 15.12373178332456
AO-95
1 43770U 18099N   25009.14513055  .00010857  00000-0  62283-3 0  9993
2 43770  97.5179  69.1876 0012452  23.7971 336.3833 15.12669559333626
AO-95
1 43770U 18099N   25016.09050181  .00010929  00000-0  62411-3 0  9994
2 43770  97.5157  76.0300 0011774   0.2881 359.8354 15.12838799334675
AO-95
1 43770U 18099N   25023.10112085  .00017206  00000-0  97351-3 0  9992
2 43770  97.5155  82.9378 0011372 334.5935  25.4735 15.13067556335734
AO-95
1 43770U 18099N   25030.57351832  .00014983  00000-0  84294-3 0  9997
2 43770  97.5130  90.3022 0010743 307.1935  52.8315 15.13306353336867
AO-95
1 43770U 18099N   25037.71419033  .00015025  00000-0  84012-3 0  9994
2 43770  97.5120  97.3411 0010556 279.7534  80.2505 15.13527952337942
AO-95
1 43770U 18099N   25044.12674933  .00011560  00000-0  64442-3 0  9994
2 43770  97.5101 103.6631 0010477 254.3204 105.6872 15.13700447338910
AO-95
1 43770U 18099N   25051.13337746  .00015192  00000-0  83985-3 0  9999
2 43770  97.5086 110.5715 0010784 227.6612 132.3707 15.13931769339973
AO-95
1 43770U 18099N   25058.40322295  .00020366  00000-0  11152-2 0  9994
2 43770  97.5072 117.7411 0011226 200.7144 159.3634 15.14203103341071
AO-95
1 43770U 18099N   25065.20928851  .00011681  00000-0  63805-3 0  9993
2 43770  97.5057 124.4547 0011833 177.3359 182.7938 15.14411119342100
AO-95
1 43770U 18099N   25072.74121098  .00018955  00000-0  10251-2 0  9995
2 43770  97.5040 131.8842 0012395 152.5445 207.6444 15.14649008343242
AO-95
1 43770U 18099N   25079.61117669  .00019388  00000-0  10391-2 0  9993
2 43770  97.5019 138.6626 0012710 131.1680 229.0651 15.14961496344289
AO-95
1 43770U 18099N   25086.41357343  .00025058  00000-0  13281-2 0  9996
2 43770  97.5018 145.3772 0012675 110.7965 249.4627 15.15302867345310
AO-95
1 43770U 18099N   25093.41277936  .00019804  00000-0  10442-2 0  9991
2 43770  97.4990 152.2877 0012542  89.3872 270.8797 15.15537549346372
AO-95
1 43770U 18099N   25100.87291350  .00017019  00000-0  89125-3 0  9997
2 43770  97.4984 159.6544 0012071  66.4286 293.8213 15.15817254347507
AO-95
1 43770U 18099N   25107.73772696  .00014878  00000-0  77482-3 0  9999
2 43770  97.4961 166.4346 0011580  44.5433 315.6728 15.16048132348544
AO-95
1 43770U 18099N   25114.13959435  .00013688  00000-0  70950-3 0  9990
2 43770  97.4964 172.7593 0010877  23.4045 336.7680 15.16241943349518
AO-95
1 43770U 18099N   25118.82495106  .00014413  00000-0  74364-3 0  9990
2 43770  97.4948 177.3885 0010364   6.8867 353.2507 15.16396254350221
AO-95
1 43770U 18099N   25128.65621881  .00009591  00000-0  49284-3 0  9997
2 43770  97.4941 187.1047 0009457 329.4727  30.5954 15.16651075351714
AO-95
1 43770U 18099N   25135.12165283  .00009116  00000-0  46705-3 0  9994
2 43770  97.4923 193.4950 0009155 303.4687  56.5671 15.16774100352696
AO-95
1 43770U 18099N   25142.44414318  .00008324  00000-0  42529-3 0  9993
2 43770  97.4927 200.7334 0009025 273.8092  86.2109 15.16903235353807
AO-95
1 43770U 18099N   25149.56818596  .00011672  00000-0  59262-3 0  9991
2 43770  97.4913 207.7767 0009283 245.0488 114.9782 15.17022078354888
AO-95
1 43770U 18099N   25156.42775265  .00007998  00000-0  40564-3 0  9990
2 43770  97.4923 214.5593 0009798 218.3926 141.6611 15.17168447355928
AO-95
1 43770U 18099N   25163.88031546  .00008077  00000-0  40818-3 0  9996
2 43770  97.4910 221.9292 0010496 191.5338 168.5657 15.17281370357053
AO-95
1 43770U 18099N   25170.14525846  .00007231  00000-0  36466-3 0  9999
2 43770  97.4907 228.1250 0011138 170.5840 189.5605 15.17389741358004
AO-95
1 43770U 18099N   25177.66272720  .00006511  00000-0  32780-3 0  9998
2 43770  97.4904 235.5613 0011711 146.7543 213.4429 15.17480758359145
AO-95
1 43770U 18099N   25184.85003121  .00007724  00000-0  38704-3 0  9993
2 43770  97.4900 242.6707 0012090 124.9513 235.2857 15.17580314360238
AO-95
1 43770U 18099N   25191.70716477  .00005483  00000-0  27502-3 0  9994
2 43770  97.4900 249.4544 0012205 104.2983 255.9607 15.17679841361273
AO-95
1 43770U 18099N   25198.10238477  .00006856  00000-0  34212-3 0  9995
2 43770  97.4888 255.7816 0012072  84.9295 275.3317 15.17767842362243
AO-95
1 43770U 18099N   25205.61789106  .00009548  00000-0  47326-3 0  9991
2 43770  97.4892 263.2175 0011738  61.8689 298.3729 15.17897134363385
AO-95
1 43770U 18099N   25212.60537441  .00009811  00000-0  48447-3 0  9999
2 43770  97.4876 270.1323 0011055  39.5025 320.7013 15.18029830364442
AO-95
1 43770U 18099N   25219.39452379  .00007718  00000-0  38071-3 0  9994
2 43770  97.4881 276.8511 0010395  16.7124 343.4450 15.18146299365473
AO-95
1 43770U 18099N   25226.38087025  .00009496  00000-0  46593-3 0  9996
2 43770  97.4859 283.7658 0009694 351.6037   8.5033 15.18273584366533
AO-95
1 43770U 18099N   25232.90536125  .00008743  00000-0  42809-3 0  9991
2 43770  97.4865 290.2230 0009151 326.5325  33.5330 15.18376664367529
AO-95
1 43770U 18099N   25239.89069800  .00012238  00000-0  59560-3 0  9993
2 43770  97.4842 297.1375 0008779 298.5909  61.4441 15.18497339368584
AO-95
1 43770U 18099N   25247.13882376  .00014304  00000-0  69095-3 0  9990
2 43770  97.4843 304.3120 0008774 269.2716  90.7513 15.18719831369681
AO-95
1 43770U 18099N   25254.12244569  .00007386  00000-0  35711-3 0  9993
2 43770  97.4819 311.2263 0009135 241.0816 118.9503 15.18871972370746
AO-95
1 43770U 18099N   25261.10548069  .00009847  00000-0  47302-3 0  9994
2 43770  97.4821 318.1391 0009621 214.3954 145.6659 15.19001642371800
AO-95
1 43770U 18099N   25268.15367048  .00018095  00000-0  86026-3 0  9993
2 43770  97.4800 325.1182 0010156 189.1907 170.9144 15.19210025372870
AO-95
1 43770U 18099N   25275.66161637  .00024224  00000-0  11383-2 0  9997
2 43770  97.4791 332.5528 0010740 164.6522 195.5041 15.19545941374010
AO-95
1 43770U 18099N   25282.44377412  .00013119  00000-0  61494-3 0  9991
2 43770  97.4776 339.2722 0011109 142.8172 217.3834 15.19762277375042
AO-95
1 43770U 18099N   25289.42253167  .00013368  00000-0  62274-3 0  9999
2 43770  97.4771 346.1848 0011470 120.7988 239.4377 15.19967004376104
AO-95
1 43770U 18099N   25296.66354145  .00014176  00000-0  65533-3 0  9990
2 43770  97.4747 353.3608 0011449  98.8292 261.4240 15.20218022377207
AO-95
1 43770U 18099N   25303.11370050  .00016426  00000-0  75453-3 0  9994
2 43770  97.4743 359.7528 0011283  78.8490 281.4013 15.20406300378184
AO-95
1 43770U 18099N   25310.61590650  .00018009  00000-0  82135-3 0  9991
2 43770  97.4729   7.1898 0011014  55.7845 304.4433 15.20636309379325
AO-95
1 43770U 18099N   25317.59051363  .00026357  00000-0  11888-2 0  9999
2 43770  97.4719  14.1036 0010425  33.2939 326.8950 15.20942552380386
AO-95
1 43770U 18099N   25324.62955715  .00011209  00000-0  50526-3 0  9998
2 43770  97.4712  21.0857 0009852   9.9702 350.1727 15.21161355381453
AO-95
1 43770U 18099N   25331.14149845  .00012907  00000-0  57818-3 0  9999
2 43770  97.4693  27.5444 0009238 346.9602  13.1393 15.21346018382441
AO-95
1 43770U 18099N   25338.63912022  .00026450  00000-0  11713-2 0  9996
2 43770  97.4692  34.9836 0008688 318.0636  41.9933 15.21587819383583
AO-95
1 43770U 18099N   25345.60940083  .00017987  00000-0  79269-3 0  9995
2 43770  97.4677  41.8995 0008267 290.7962  69.2388 15.21836022384648