TDRS 3                  
1 19548U 88091B   25001.80790116 -.00000284  00000+0  00000+0 0  9996
2 19548  13.0091 344.5500 0041546 339.5557  19.4451  1.00265763120053
FLTSATCOM 8 (USA 46)    
1 20253U 89077A   25002.84296473 -.00000354  00000+0  00000+0 0  9996
2 20253  12.5726 354.3440 0007149 294.8934 242.7202  1.00275194255246
SKYNET 4C               
1 20776U 90079A   25003.11041875  .00000138  00000+0  00000+0 0  9994
2 20776  13.5088 353.4215 0003435 283.5702 259.1439  1.00271390125626
TDRS 5                  
1 21639U 91054B   25002.87710880 -.00000289  00000+0  00000+0 0  9996
2 21639  14.1359 357.6515 0006383 276.0878  82.2905  1.00264469122391
TDRS 6                  
1 22314U 93003B   25003.36508823 -.00000285  00000+0  00000+0 0  9996
2 22314  14.1688   0.9519 0007435 194.7994 352.9140  1.00266558117060
UFO 2 (USA 95)          
1 22787U 93056A   24365.14354965  .00000143  00000+0  00000+0 0  9992
2 22787  11.7161   6.3740 0003722 275.8933 257.1678  1.00275117113191
USA 99 (MILSTAR-1 1)    
1 22988U 94009A   25002.31027690 -.00000189  00000+0  00000+0 0  9995
2 22988  16.8171  33.3636 0003034 244.3705 206.1804  1.00273657 27634
UFO 4 (USA 108)         
1 23467U 95003A   25002.25327256 -.00000009  00000+0  00000+0 0  9998
2 23467   9.6945  14.8809 0003924 242.6293 108.0395  1.00273146109621
TDRS 7                  
1 23613U 95035B   25002.97775213 -.00000190  00000+0  00000+0 0  9996
2 23613  13.5977 351.8389 0021646  68.4644 119.4597  1.00272988107839
USA 115 (MILSTAR-1 2)   
1 23712U 95060A   25003.08001056 -.00000009  00000+0  00000+0 0  9993
2 23712  13.8753   7.6018 0004298 282.0142  82.1456  1.00273718 26337
INMARSAT 3-F1           
1 23839U 96020A   25002.13799492 -.00000114  00000+0  00000+0 0  9990
2 23839   9.4865  51.2911 0007399 210.9961 334.4550  0.99976139105243
INMARSAT 3-F2           
1 24307U 96053A   25002.33974289 -.00000244  00000+0  00000+0 0  9992
2 24307   8.6462  59.1302 0005125 218.6280 274.4201  0.99998971103616
INMARSAT 3-F3           
1 24674U 96070A   25003.26941597  .00000127  00000+0  00000+0 0  9996
2 24674   9.1640  54.5222 0008263 217.0178 145.3176  0.99991580102606
AMC-3                   
1 24936U 97050A   25002.16060936 -.00000248  00000+0  00000+0 0  9998
2 24936   6.8389  70.0452 0002974 218.5381 159.2754  1.00271476100123
USA 134                 
1 25019U 97065A   25003.43217920 -.00000054  00000+0  00000+0 0  9990
2 25019  12.1483  25.5061 0005077 264.9363 216.3182  1.00274784 26294
INMARSAT 3-F5           
1 25153U 98006B   25003.09286885 -.00000279  00000+0  00000+0 0  9992
2 25153   8.4980  58.3184 0005142 231.5980 152.5125  1.00269316 98574
ASTRA 2A                
1 25462U 98050A   25003.18671083  .00000080  00000+0  00000+0 0  9991
2 25462   5.7530  75.1540 0003080 211.1836 301.1331  1.00273152 96420
SKYNET 4E               
1 25639U 99009B   25002.24609984 -.00000022  00000+0  00000+0 0  9996
2 25639  11.7469  12.0121 0003815 275.2727 262.1598  1.00273439 45855
ABS-6                   
1 25924U 99053A   25002.84956765 -.00000104  00000+0  00000+0 0  9991
2 25924   0.0283  61.0269 0002950 242.2284 264.3265  1.00267928 92522
UFO 10 (USA 146)        
1 25967U 99063A   25002.88492804 -.00000174  00000+0  00000+0 0  9999
2 25967   9.6125  29.7925 0007127 241.7677 127.0553  1.00273975 92030
GALAXY 11 (G-11)        
1 26038U 99071A   25002.09892418 -.00000222  00000+0  00000+0 0  9990
2 26038   5.3891  76.9650 0004101 263.9354 134.0881  0.99038016 91740
USA 148                 
1 26052U 00001A   25002.34841076  .00000048  00000+0  00000+0 0  9998
2 26052  11.0339  36.3292 0003185 252.3075 119.1768  1.00270655 26300
ASIASTAR                
1 26107U 00016A   25002.11160355 -.00000321  00000+0  00000+0 0  9999
2 26107   7.8800  63.6363 0004693 219.1122 324.4394  1.00274033 90826
USA 149 (DSP 20)        
1 26356U 00024A   25003.40751708  .00000109  00000+0  00000+0 0  9998
2 26356  12.7673  15.4796 0000256 230.3882 199.9198  1.00279282 26297
TDRS 8                  
1 26388U 00034A   25003.39272201  .00000104  00000+0  00000+0 0  9993
2 26388  11.8493  35.6339 0007325 233.5787 167.7754  1.00273687 89868
INTELSAT 9 (IS-9)       
1 26451U 00043A   25002.21229818 -.00000001  00000+0  00000+0 0  9997
2 26451   9.2195  53.9702 0002866 221.2268 329.5758  1.00271145 38817
NSS-11                  
1 26554U 00059A   25002.85295600  .00000041  00000+0  00000+0 0  9993
2 26554   0.7509  87.6353 0002975 192.9563 305.1913  1.00270717 35976
USA 153                 
1 26575U 00065A   25002.94980015 -.00000313  00000+0  00000+0 0  9997
2 26575  10.7023  39.5705 0002424 251.4606 288.1808  1.00274440 26291
AMC-6                   
1 26580U 00067A   25003.07705661  .00000104  00000+0  00000+0 0  9999
2 26580   0.0440  67.3574 0003219 215.9207  72.3388  1.00272826 88661
INTELSAT 1R (IS-1R)     
1 26608U 00072A   25002.92033543 -.00000237  00000+0  00000+0 0  9990
2 26608   6.7518  70.5657 0009133 229.5577 264.5694  0.98974287 35989
USA 157 (MILSTAR-2 2)   
1 26715U 01009A   25002.30010437  .00000123  00000+0  00000+0 0  9992
2 26715  10.9579  22.8200 0040418 175.0223 222.3405  1.00275172 27625
INTELSAT 10 (IS-10)     
1 26766U 01019A   25001.74355272  .00000005  00000+0  00000+0 0  9994
2 26766   7.8000  64.6823 0004198 217.5728 153.1560  1.00271376 40290
INTELSAT 901 (IS-901)   
1 26824U 01024A   25002.16947118 -.00000185  00000+0  00000+0 0  9998
2 26824   0.0281  79.7676 0001585 245.7796 170.0143  1.00269751 86265
USA 159 (DSP 21)        
1 26880U 01033A   25002.87971521 -.00000286  00000+0  00000+0 0  9995
2 26880  12.2825  20.0163 0000854 219.2125 131.0388  1.00276974 27646
INTELSAT 902 (IS-902)   
1 26900U 01039A   25003.12568957 -.00000270  00000+0  00000+0 0  9991
2 26900   4.7725  78.2548 0004939 207.8075 172.0739  1.00271539 85451
USA 164 (MILSTAR-2 3)   
1 27168U 02001A   25002.23452111  .00000112  00000+0  00000+0 0  9997
2 27168  10.5444  24.8630 0098629   2.9370 177.8368  1.00278117 26322
INTELSAT 904 (IS-904)   
1 27380U 02007A   25003.07549687 -.00000202  00000+0  00000+0 0  9998
2 27380   5.5858  75.5243 0002992 216.4808 168.6030  1.00269484 83773
DIRECTV 5 (TEMPO 1)     
1 27426U 02023A   25002.86763882 -.00000042  00000+0  00000+0 0  9990
2 27426   3.5159  81.9763 0003210 206.3178  16.6741  1.00271258 82802
INTELSAT 905 (IS-905)   
1 27438U 02027A   25001.45549209 -.00000170  00000+0  00000+0 0  9998
2 27438   5.4086  76.1809 0002633 215.8359 308.8181  1.00270219 46031
GALAXY 3C (G-3C)        
1 27445U 02030A   25003.37081073 -.00000138  00000+0  00000+0 0  9997
2 27445   2.3733  84.8242 0002655  64.7750 352.2729  1.00270857 82636
INTELSAT 906 (IS-906)   
1 27513U 02041A   24366.96052936  .00000030  00000+0  00000+0 0  9997
2 27513   4.4448  79.4935 0006520 192.0643 239.2239  1.00273000 81696
TDRS 10                 
1 27566U 02055A   25003.46346998  .00000098  00000+0  00000+0 0  9992
2 27566   9.9800  43.7827 0006421 287.0404 128.2964  1.00277446 80914
NIMIQ 2                 
1 27632U 02062A   25003.19007712 -.00000056  00000+0  00000+0 0  9997
2 27632   8.2027  62.3030 0006580 219.1229 140.8516  1.00270391 80556
USA 167                 
1 27691U 03008A   25002.36657669  .00000018  00000+0  00000+0 0  9990
2 27691   9.8973  47.9370 0003747 256.8189 167.5209  1.00270727 26300
USA 169 (MILSTAR-2 4)   
1 27711U 03012A   25002.91962906 -.00000185  00000+0  00000+0 0  9998
2 27711  11.5366  33.9369 0097010   4.8692 187.1990  1.00272864 26329
ASIASAT 4               
1 27718U 03014A   25003.52284161 -.00000208  00000+0  00000+0 0  9991
2 27718   3.3454  82.4523 0003901 196.7658 159.9357  1.00271098 79615
HELLAS-SAT 2            
1 27811U 03020A   25001.88716296 -.00000069  00000+0  00000+0 0  9993
2 27811   6.0231  74.2036 0009672 197.8648 139.0640  1.00271299 79013
THURAYA-2               
1 27825U 03026A   25003.27132663  .00000138  00000+0  00000+0 0  9995
2 27825   8.0128  33.7767 0005439 295.0600 275.9669  1.00271787 79026
OPTUS C1                
1 27831U 03028B   25002.51834966 -.00000138  00000+0  00000+0 0  9996
2 27831   5.5516  75.8240 0005972 206.6327 162.2499  1.00269920 47744
GALAXY 23 (G-23)        
1 27854U 03034A   25001.43637837  .00000031  00000+0  00000+0 0  9997
2 27854   1.8205  86.4385 0002821 200.8032 210.2912  1.00272008 78413
USA 170                 
1 27875U 03040A   25003.25152373  .00000138  00000+0  00000+0 0  9994
2 27875   9.3667  52.7478 0001315 215.4249 309.5408  1.00272407 26316
GALAXY 13 (HORIZONS-1)  
1 27954U 03044A   25003.06785527  .00000149  00000+0  00000+0 0  9990
2 27954   0.0484  98.8826 0000843 221.2611  17.1980  1.00271369 77836
YAMAL 202               
1 28089U 03053A   25002.46364251 -.00000067  00000+0  00000+0 0  9990
2 28089   4.9984  77.3818 0006238 193.8580 161.4473  1.00271114 77377
UFO 11 (USA 174)        
1 28117U 03057A   25002.11838543 -.00000088  00000+0  00000+0 0  9991
2 28117   8.3826  36.1113 0004330 238.5388 305.1509  1.00273381 77125
USA 176 (DSP 22)        
1 28158U 04004A   25003.04285177 -.00000208  00000+0  00000+0 0  9995
2 28158  11.3337  29.7549 0001003 279.1701 256.7549  1.00274490 26295
ABS-4 (MOBISAT-1)       
1 28184U 04007A   25002.83010640  .00000053  00000+0  00000+0 0  9991
2 28184   4.6934  78.4641 0007148 206.4275 177.6327  1.00270068 47027
EUTELSAT 7A             
1 28187U 04008A   25002.93326931  .00000117  00000+0  00000+0 0  9990
2 28187   4.4781  78.3334 0004217 207.5754  13.6405  1.00271647 76251
AMC-11                  
1 28252U 04017A   25001.86700668 -.00000031  00000+0  00000+0 0  9993
2 28252   0.0181  27.4583 0002525 257.3556  17.9501  1.00271258 75547
INTELSAT 10-02          
1 28358U 04022A   25002.88927206  .00000005  00000+0  00000+0 0  9998
2 28358   0.0172  35.7605 0001111 291.5044  94.6584  1.00266835 75237
ANIK F2                 
1 28378U 04027A   25003.08174816 -.00000035  00000+0  00000+0 0  9993
2 28378   1.9137  86.5814 0000961 296.1101 358.5555  1.00271534 75044
AMC-15                  
1 28446U 04041A   25001.51100876 -.00000069  00000+0  00000+0 0  9993
2 28446   0.0153  11.4815 0002078 263.3819 265.4565  1.00270419 73988
NSS-10                  
1 28526U 05003A   25002.14809792 -.00000237  00000+0  00000+0 0  9991
2 28526   5.1169  76.8624 0002829 209.8909 191.1290  1.00269287 47838
XTAR-EUR                
1 28542U 05005A   25002.86461253  .00000165  00000+0  00000+0 0  9995
2 28542   2.9641  83.3488 0006422 208.4303 151.1983  1.00271626 72870
XM-3 (RHYTHM)           
1 28626U 05008A   25002.80100142 -.00000188  00000+0  00000+0 0  9998
2 28626   0.0054 342.8512 0004428 239.9248  83.1041  1.00270415 37305
INMARSAT 4-F1           
1 28628U 05009A   25002.42458229  .00000047  00000+0  00000+0 0  9994
2 28628   4.4958  41.7970 0002262 253.4695 137.9359  1.00270033 72341
DIRECTV 8               
1 28659U 05019A   25001.65106024  .00000020  00000+0  00000+0 0  9997
2 28659   0.0177 350.6182 0002877 299.7969 286.4600  1.00271399 71744
GALAXY 28 (G-28)        
1 28702U 05022A   25002.87180909 -.00000170  00000+0  00000+0 0  9996
2 28702   1.9290  85.5727 0006939 195.0812  46.9313  1.00270770 46661
THAICOM 4               
1 28786U 05028A   25001.53521642 -.00000343  00000+0  00000+0 0  9991
2 28786   0.0177 349.7344 0002115 281.2112 142.7097  1.00265556 46918
GALAXY 14 (G-14)        
1 28790U 05030A   25002.88405924 -.00000219  00000+0  00000+0 0  9994
2 28790   3.6523  81.3971 0001023 208.0560 104.2844  0.98945283 70977
ANIK F1R                
1 28868U 05036A   25003.43979389 -.00000061  00000+0  00000+0 0  9994
2 28868   2.9500  83.2070 0001416 227.0100 204.1317  1.00271199 70841
SYRACUSE 3A             
1 28885U 05041B   25003.17967351  .00000144  00000+0  00000+0 0  9997
2 28885   3.2879  82.4642 0002849 200.7376 266.3320  1.00268660 70420
INMARSAT 4-F2           
1 28899U 05044A   25002.41780561 -.00000246  00000+0  00000+0 0  9991
2 28899   4.4165  43.1120 0003002 242.5780 110.5023  1.00270695 70191
SPACEWAY 2              
1 28903U 05046B   25002.94377935  .00000080  00000+0  00000+0 0  9999
2 28903   4.1085  77.8637 0001981  75.2121 336.0793  0.99060368 70174
METEOSAT-9 (MSG-2)      
1 28912U 05049B   25001.84769463  .00000139  00000+0  00000+0 0  9996
2 28912   8.1445  59.1573 0001263 201.8549 191.5650  1.00272602  1689
EUTELSAT 174A           
1 28924U 05052A   25002.85252160  .00000024  00000+0  00000+0 0  9999
2 28924   2.8696  83.1211 0006164 201.2095 299.2607  1.00271727 47014
ECHOSTAR 10             
1 28935U 06003A   25001.43846351 -.00000035  00000+0  00000+0 0  9995
2 28935   0.0311 304.7509 0002081 290.6783 273.5571  1.00270370 69137
SPAINSAT                
1 28945U 06007A   24366.80343436 -.00000195  00000+0  00000+0 0  9997
2 28945   0.0630 250.0486 0004944  13.6084  96.2873  1.00268881 68886
EUTELSAT HOTBIRD 13E    
1 28946U 06007B   25002.88631812 -.00000111  00000+0  00000+0 0  9990
2 28946   0.7283  94.0342 0000536 199.9260 111.8532  1.00269805 69000
JCSAT-5A                
1 29045U 06010A   25002.92183436 -.00000312  00000+0  00000+0 0  9997
2 29045   0.0180  43.5062 0001742 247.6856 275.5249  1.00270814 68453
ASTRA 1KR               
1 29055U 06012A   25002.94874497  .00000136  00000+0  00000+0 0  9999
2 29055   0.0166  38.3616 0005134 232.1994 193.0139  1.00272085 40405
EWS-G1 (GOES 13)        
1 29155U 06018A   25002.88588373 -.00000208  00000+0  00000+0 0  9995
2 29155   3.1480  82.9119 0064951 258.0888  62.1230  0.98832808 38005
GALAXY 16 (G-16)        
1 29236U 06023A   25003.08418081 -.00000111  00000+0  00000+0 0  9995
2 29236   0.0130 277.6591 0002483   1.6902 114.8875  1.00270932 67955
EUTELSAT HOTBIRD 13B    
1 29270U 06032A   25002.95978597  .00000172  00000+0  00000+0 0  9997
2 29270   0.2881  86.3654 0003957 212.4840 182.5848  1.00273060 41996
JCSAT-3A                
1 29272U 06033A   25002.91853441 -.00000329  00000+0  00000+0 0  9991
2 29272   0.0183   1.4454 0001679 279.5226 280.4772  1.00273075 42427
SYRACUSE 3B             
1 29273U 06033B   25002.93750493  .00000037  00000+0  00000+0 0  9992
2 29273   1.5366  86.9284 0005282 198.8735 157.8244  1.00271283 67357
KOREASAT 5 (MUGUNGWHA 5)
1 29349U 06034A   25003.55499176 -.00000343  00000+0  00000+0 0  9995
2 29349   0.4098  91.4629 0001642 236.6739  88.1310  1.00273056 67323
DIRECTV 9S              
1 29494U 06043A   25002.86937642 -.00000097  00000+0  00000+0 0  9990
2 29494   1.0475  87.4418 0002969 202.1485  24.9166  1.00271843 46067
OPTUS D1                
1 29495U 06043B   25002.84910667 -.00000168  00000+0  00000+0 0  9996
2 29495   1.6621  86.3494 0003742 199.5603 274.4975  1.00270589 66800
BADR-4                  
1 29526U 06051A   25002.25157331  .00000162  00000+0  00000+0 0  9999
2 29526   0.6302  85.9044 0008513 216.8323 276.2291  1.00274532 45944
WILDBLUE-1              
1 29643U 06054A   25002.36062870 -.00000032  00000+0  00000+0 0  9994
2 29643   1.4281  87.5040 0001698 200.3023 193.0693  1.00270825 48479
SKYNET 5A               
1 30794U 07007B   25002.17410734 -.00000255  00000+0  00000+0 0  9994
2 30794   3.9438  80.1716 0004548 211.4958 328.2243  1.00268751 65326
ANIK F3                 
1 31102U 07009A   25003.50903771  .00000015  00000+0  00000+0 0  9999
2 31102   0.0274  80.0736 0001861 221.8534 225.9824  1.00269323 65028
ASTRA 1L                
1 31306U 07016A   25002.10726471  .00000137  00000+0  00000+0 0  9993
2 31306   0.0453  12.8935 0006243 279.2790 227.6277  1.00271703 39664
GALAXY 17 (G-17)        
1 31307U 07016B   25003.51572751 -.00000191  00000+0  00000+0 0  9991
2 31307   1.6254  86.7574 0006242 186.7108 290.5603  1.00268562 64764
ZHONGXING-6B            
1 31800U 07031A   25002.90871992 -.00000346  00000+0  00000+0 0  9999
2 31800   1.0268  88.3566 0004315 202.9537 253.9030  1.00271408 64115
DIRECTV 10              
1 31862U 07032A   25001.51135628 -.00000083  00000+0  00000+0 0  9991
2 31862   0.0167 196.2987 0000141 109.0532 237.3579  1.00269090 40269
BSAT-3A                 
1 32019U 07036B   25002.41111582 -.00000333  00000+0  00000+0 0  9991
2 32019   0.0628 217.3414 0003633  43.0081  99.7680  1.00269077 45208
OPTUS D2                
1 32252U 07044A   25002.85465803 -.00000094  00000+0  00000+0 0  9999
2 32252   0.6985  88.9707 0006985 193.0713 288.4928  1.00270897 63256
INTELSAT 11 (IS-11)     
1 32253U 07044B   25002.88093154 -.00000253  00000+0  00000+0 0  9996
2 32253   2.1816  85.2986 0004042 209.2399  82.3465  1.00271853 63179
WGS F1 (USA 195)        
1 32258U 07046A   25001.73726726 -.00000249  00000+0  00000+0 0  9999
2 32258   0.0881  88.0794 0000218 197.5698  38.9002  1.00267719 47007
SKYNET 5B               
1 32294U 07056B   25003.00188191  .00000155  00000+0  00000+0 0  9995
2 32294   3.8983  79.8283 0004232 206.6589 202.1394  1.00274187 62871
ASTRA 4A                
1 32299U 07057A   25002.96185299  .00000049  00000+0  00000+0 0  9993
2 32299   0.0175 334.2739 0002666 301.8523 177.7756  1.00271685 62641
HORIZONS-2              
1 32388U 07063B   25002.87484990 -.00000238  00000+0  00000+0 0  9990
2 32388   1.2291  87.3008 0001810 195.3883  61.1959  1.00272844 62494
THURAYA-3               
1 32404U 08001A   25002.89581563 -.00000288  00000+0  00000+0 0  9993
2 32404   5.1343  33.8910 0002392 248.1545 241.7141  1.00272734 62172
THOR 5                  
1 32487U 08006A   25002.96081042  .00000007  00000+0  00000+0 0  9992
2 32487   0.0113 340.2751 0002278 307.4721 160.2189  1.00271371 61866
AMC-14                  
1 32708U 08011A   25002.24974882  .00000079  00000+0  00000+0 0  9997
2 32708  23.3484  26.9079 0040189 350.2928 192.3316  1.00275620 62848
DIRECTV 11              
1 32729U 08013A   25001.51205133 -.00000106  00000+0  00000+0 0  9999
2 32729   0.0206 200.0253 0000408  11.3754 335.1571  1.00268781 40268
ICO G1                  
1 32763U 08016A   25003.51416366 -.00000159  00000+0  00000+0 0  9992
2 32763   5.2147  36.2666 0002371 257.9518 261.4085  1.00271367 61157
VINASAT-1               
1 32767U 08018A   25002.20109572 -.00000311  00000+0  00000+0 0  9991
2 32767   0.0286 305.0696 0001743 358.8152   2.5335  1.00270214 61258
STAR ONE C2             
1 32768U 08018B   25002.87658751 -.00000260  00000+0  00000+0 0  9996
2 32768   0.0345 328.4453 0002389 319.4577  65.3981  1.00269006 61336
AMOS-3                  
1 32794U 08022A   25002.88866390 -.00000020  00000+0  00000+0 0  9995
2 32794   0.0545 248.1583 0002852  26.5427 143.8419  1.00268253 77017
GALAXY 18 (G-18)        
1 32951U 08024A   25002.30379264  .00000043  00000+0  00000+0 0  9992
2 32951   0.0180  40.0788 0002849 245.2169 163.2500  1.00272096 40536
ZHONGXING-9             
1 33051U 08028A   25002.40755372 -.00000230  00000+0  00000+0 0  9996
2 33051   0.0107 343.7743 0004489 321.1945  36.2153  1.00268624 60716
SKYNET 5C               
1 33055U 08030A   25002.88597060 -.00000125  00000+0  00000+0 0  9996
2 33055   2.4232  83.2623 0004941 209.4189 111.2206  1.00271226 60635
TURKSAT 3A              
1 33056U 08030B   25002.96655233  .00000162  00000+0  00000+0 0  9993
2 33056   0.0580  97.2825 0002653 180.7752 214.7125  1.00270708 47043
INTELSAT 25 (IS-25)     
1 33153U 08034A   25002.88319043 -.00000209  00000+0  00000+0 0  9995
2 33153   1.3361  86.9675 0003109 206.3490  95.8805  1.00269701 60321
BADR-6                  
1 33154U 08034B   25003.58891049 -.00000174  00000+0  00000+0 0  9996
2 33154   1.4802  85.3165 0005290 300.6379  54.1343  0.98745252 60430
ECHOSTAR 11             
1 33207U 08035A   25003.08200880 -.00000041  00000+0  00000+0 0  9991
2 33207   0.0166 343.0040 0002539 291.1898 108.2888  1.00270519 60344
SUPERBIRD-C2            
1 33274U 08038A   25002.91806520 -.00000236  00000+0  00000+0 0  9998
2 33274   0.9889  88.2134 0001791 213.3533 275.6532  1.00269434100414
AMC-21                  
1 33275U 08038B   25002.30396624  .00000053  00000+0  00000+0 0  9997
2 33275   1.5740  87.1898 0002735 201.3066 158.2184  1.00272329 60163
INMARSAT 4-F3           
1 33278U 08039A   25002.26876836 -.00000124  00000+0  00000+0 0  9994
2 33278   3.8569  28.9333 0003079 255.2333 176.7276  1.00272134 59949
NIMIQ 4                 
1 33373U 08044A   25002.87319917 -.00000204  00000+0  00000+0 0  9994
2 33373   0.0288  68.8009 0001841 236.9529  29.3564  1.00270637 59661
GALAXY 19 (G-19)        
1 33376U 08045A   25003.42871014 -.00000124  00000+0  00000+0 0  9992
2 33376   0.0366 270.3681 0002782  16.8021 233.4628  1.00271169 59529
ASTRA 1M                
1 33436U 08057A   25002.94874503  .00000136  00000+0  00000+0 0  9996
2 33436   0.0513  78.8010 0001561 155.3890 229.3805  1.00273938 40420
EUTELSAT HOTBIRD 13C    
1 33459U 08065A   25002.88701317 -.00000085  00000+0  00000+0 0  9999
2 33459   1.5809  85.3881 0006567 195.1680 129.0185  1.00270923 42024
EXPRESS-AM44            
1 33595U 09007A   25001.88690231 -.00000072  00000+0  00000+0 0  9994
2 33595   2.0914  84.9675 0004603 196.1919 128.8985  1.00271306 46956
NSS-9                   
1 33749U 09008A   25002.42562486  .00000089  00000+0  00000+0 0  9994
2 33749   0.0183  31.4075 0002041 254.0388 153.1488  1.00270850 58205
TELSTAR 11N             
1 34111U 09009A   25002.32291282 -.00000233  00000+0  00000+0 0  9993
2 34111   0.0169  40.3490 0002389 239.7388 260.8155  1.00270067 40925
WGS F2 (USA 204)        
1 34713U 09017A   25002.94319779  .00000084  00000+0  00000+0 0  9993
2 34713   0.0189  27.3476 0000784 333.4209 139.0899  1.00269277 40300
SES-7 (PROTOSTAR 2)     
1 34941U 09027A   25002.90311968 -.00000329  00000+0  00000+0 0  9998
2 34941   0.0299  56.3690 0002336 203.7038 276.0637  1.00268103 57317
MEASAT-3A               
1 35362U 09032A   25002.84974141 -.00000095  00000+0  00000+0 0  9993
2 35362   0.0277 298.8197 0002951   2.2778 267.4853  1.00271458  2717
GOES 14                 
1 35491U 09033A   25003.09771770 -.00000052  00000+0  00000+0 0  9991
2 35491   0.3058  90.8739 0002307 138.7707 160.2241  1.00273894 56844
FM-5                    
1 35493U 09034A   25002.87233037 -.00000184  00000+0  00000+0 0  9994
2 35493   0.0182 350.0621 0001639 173.2811 167.2869  1.00271361 41326
TERRESTAR-1             
1 35496U 09035A   25003.08183503 -.00000043  00000+0  00000+0 0  9998
2 35496   4.7760  48.2918 0003019 241.3598  91.7516  1.00271665 56840
ASIASAT 5               
1 35696U 09042A   25002.89651507 -.00000291  00000+0  00000+0 0  9995
2 35696   0.0453  71.9419 0001714 225.7143 228.4283  1.00265915 56358
JCSAT-12 (JCSAT-RA)     
1 35755U 09044A   25002.92183390 -.00000312  00000+0  00000+0 0  9991
2 35755   0.0662  88.8219 0000738 295.1727 182.7060  1.00268750 56293
OPTUS D3                
1 35756U 09044B   25002.84895949 -.00000131  00000+0  00000+0 0  9992
2 35756   0.5245  85.8700 0004618 217.9008 260.5811  1.00271691 56245
NIMIQ 5                 
1 35873U 09050A   25002.87502366 -.00000240  00000+0  00000+0 0  9991
2 35873   0.0180  34.0074 0002524 243.4684  67.5888  1.00270419 56028
AMAZONAS 2              
1 35942U 09054A   25003.22896531 -.00000267  00000+0  00000+0 0  9991
2 35942   0.4398  91.6792 0003881 193.1654 199.8383  1.00267577 55862
COMSATBW-1              
1 35943U 09054B   25002.11595278  .00000040  00000+0  00000+0 0  9991
2 35943   0.0254  90.1096 0003177 198.9117 277.8130  1.00278976 55936
NSS-12                  
1 36032U 09058A   25002.94319708  .00000088  00000+0  00000+0 0  9990
2 36032   0.0358 307.0785 0003692 328.1767 224.0991  1.00271055 55600
THOR 6                  
1 36033U 09058B   25002.88927206  .00000006  00000+0  00000+0 0  9992
2 36033   0.0117  80.3588 0001617 202.2290 139.4758  1.00270922 55684
INTELSAT 14 (IS-14)     
1 36097U 09064A   25002.38036010 -.00000256  00000+0  00000+0 0  9996
2 36097   0.0110 340.7178 0002328 304.2464 269.2251  1.00269563 55286
EUTELSAT 36B            
1 36101U 09065A   25002.89917645  .00000129  00000+0  00000+0 0  9999
2 36101   0.0618 353.0320 0005995 303.7369 180.2172  1.00267616 55496
INTELSAT 15 (IS-15)     
1 36106U 09067A   25002.42063016 -.00000168  00000+0  00000+0 0  9993
2 36106   0.0184  31.1438 0002208 263.1764  44.5676  1.00271000 55285
WGS F3 (USA 211)        
1 36108U 09068A   25001.54980001  .00000070  00000+0  00000+0 0  9991
2 36108   0.1763  89.2374 0000304  96.1610 293.7813  1.00270275 41271
DIRECTV 12              
1 36131U 09075A   25002.86911580 -.00000087  00000+0  00000+0 0  9996
2 36131   0.0095 176.9639 0000537 141.7565 354.1784  1.00270029 41238
BEIDOU-2 G1             
1 36287U 10001A   25002.91737015 -.00000265  00000+0  00000+0 0  9992
2 36287   3.0604  60.0569 0004968 267.8449 245.5983  1.00271737 54849
RADUGA-1M 2             
1 36358U 10002A   25002.88306569 -.00000169  00000+0  00000+0 0  9997
2 36358   2.2366  85.8002 0004802 202.5080 217.3731  1.00270939 44777
SDO                     
1 36395U 10005A   25003.45222448 -.00000072  00000+0  00000+0 0  9991
2 36395  33.5402  94.4752 0001980 191.6521 237.9731  1.00269182 54728
INTELSAT 16 (IS-16)     
1 36397U 10006A   25002.87432862 -.00000228  00000+0  00000+0 0  9995
2 36397   0.0081  29.0587 0002094 246.9820  65.2694  1.00272467 54332
EWS-G2 (GOES 15)        
1 36411U 10008A   25002.11560525  .00000056  00000+0  00000+0 0  9997
2 36411   0.0886 267.2371 0006069 353.1386 304.6374  1.00272079 54304
ECHOSTAR 14             
1 36499U 10010A   25001.50822858  .00000020  00000+0  00000+0 0  9999
2 36499   0.0212  22.5275 0001670   5.2492 137.6667  1.00273061 41222
SES-1                   
1 36516U 10016A   25001.51179069 -.00000094  00000+0  00000+0 0  9997
2 36516   0.0411 294.5076 0002544   8.3140 241.8223  1.00267311 53701
ASTRA 3B                
1 36581U 10021A   25002.95204503  .00000153  00000+0  00000+0 0  9991
2 36581   0.0972  94.4213 0001998 189.5736 185.0494  1.00269963 53557
COMSATBW-2              
1 36582U 10021B   25002.87827086  .00000104  00000+0  00000+0 0  9996
2 36582   0.0537  92.1357 0001310 194.6254 145.2919  1.00271205 53630
BEIDOU-2 G3             
1 36590U 10024A   25003.40547608 -.00000121  00000+0  00000+0 0  9997
2 36590   3.2653  62.1920 0006003 312.6633 313.9659  1.00273043 53461
BADR-5                  
1 36592U 10025A   25003.46611872  .00000160  00000+0  00000+0 0  9993
2 36592   0.0499 116.3489 0001986 110.9700  69.7930  1.00270244 53599
COMS 1                  
1 36744U 10032A   25002.91821847 -.00000330  00000+0  00000+0 0  9994
2 36744   3.4533  82.3613 0000820 213.6450 265.5148  1.00269981 45778
ARABSAT-5A              
1 36745U 10032B   25001.55674398  .00000172  00000+0  00000+0 0  9994
2 36745   0.0480  33.7265 0002604 254.1259  44.5128  1.00273260 53312
ECHOSTAR 15             
1 36792U 10034A   25002.87728256 -.00000265  00000+0  00000+0 0  9991
2 36792   0.0108 331.6954 0001967 285.7594  99.4868  1.00270985 53084
BEIDOU-2 IGSO-1         
1 36828U 10036A   25002.21121791 -.00000076  00000+0  00000+0 0  9992
2 36828  54.2657 167.7619 0043580 206.0662 271.8296  1.00272785 52775
NILESAT 201             
1 36830U 10037A   25002.22063346 -.00000040  00000+0  00000+0 0  9999
2 36830   0.0476 222.0462 0004349  50.4879 261.9941  1.00271889 52960
RASCOM-QAF 1R           
1 36831U 10037B   25002.89005399  .00000035  00000+0  00000+0 0  9990
2 36831   0.0223  82.1334 0006781 195.8879 148.0602  1.00272172 52976
AEHF-1 (USA 214)        
1 36868U 10039A   25002.89535372  .00000162  00000+0  00000+0 0  9992
2 36868   6.8912  74.8216 0003660 201.1428 179.1051  1.00275282 48340
XM-5                    
1 37185U 10053A   25001.50901051 -.00000003  00000+0  00000+0 0  9994
2 37185   0.0181  17.4374 0000898 129.0211  22.9825  1.00268643 52154
BSAT-3B                 
1 37207U 10056B   25002.41111582 -.00000333  00000+0  00000+0 0  9991
2 37207   0.0620 301.0367 0004316 359.1777  59.9089  1.00272642 46781
BEIDOU-2 G4             
1 37210U 10057A   25002.84974141 -.00000097  00000+0  00000+0 0  9998
2 37210   2.3308  70.3236 0009275 191.1344 307.1962  1.00270738 51976
SKYTERRA 1              
1 37218U 10061A   25002.22620418 -.00000102  00000+0  00000+0 0  9995
2 37218   4.0111  49.8427 0003852 200.3774 192.0065  1.00271463 51907
HYLAS 1                 
1 37237U 10065A   25002.96069476  .00000168  00000+0  00000+0 0  9993
2 37237   4.2895  79.5212 0000713 123.8563 278.5462  1.00271211  1579
INTELSAT 17 (IS-17)     
1 37238U 10065B   25002.93244968  .00000014  00000+0  00000+0 0  9992
2 37238   0.0298  74.6446 0002684 219.3485 210.4723  1.00271353 47920
BEIDOU-2 IGSO-2         
1 37256U 10068A   25002.68243802 -.00000181  00000+0  00000+0 0  9999
2 37256  48.5118 278.3853 0039558 215.5817 321.4594  1.00289083 51462
EUTELSAT KA-SAT 9A      
1 37258U 10069A   25001.74795356  .00000080  00000+0  00000+0 0  9991
2 37258   0.0688 293.9982 0000152 350.1915  95.6901  1.00268416 38675
HISPASAT 30W-5          
1 37264U 10070A   25001.45436264 -.00000196  00000+0  00000+0 0  9997
2 37264   0.0382 106.1999 0002684 163.7683 324.9438  1.00271634 47857
KOREASAT 6              
1 37265U 10070B   25002.26938383 -.00000345  00000+0  00000+0 0  9993
2 37265   0.0103  32.7615 0003095 328.8512 313.5085  1.00268586 51444
BEIDOU-2 IGSO-3         
1 37384U 11013A   25001.77933575 -.00000154  00000+0  00000+0 0  9994
2 37384  61.6401  45.2007 0030394 184.1269 258.6754  1.00259010 50339
INTELSAT 28 (IS-28)     
1 37392U 11016A   25002.94653983  .00000108  00000+0  00000+0 0  9996
2 37392   0.4313  89.9829 0004153 188.5925 182.3108  1.00133481 47974
YAHSAT 1A               
1 37393U 11016B   25002.89987149  .00000117  00000+0  00000+0 0  9995
2 37393   0.0221  55.9527 0003153 254.5678 168.7049  1.00269549 50246
SBIRS GEO-1 (USA 230)   
1 37481U 11019A   25003.11684792  .00000011  00000+0  00000+0 0  9993
2 37481   3.3960  51.0996 0002430 231.6934 287.9516  1.00272181 50020
TELSTAR 14R             
1 37602U 11021A   25001.41854971 -.00000260  00000+0  00000+0 0  9997
2 37602   0.0346  81.7271 0001744 244.8082 222.4557  1.00270543 50456
GSAT-8                  
1 37605U 11022A   25002.90039278  .00000100  00000+0  00000+0 0  9993
2 37605   0.7561  88.7207 0008745 185.0310 208.2318  1.00271464 49929
ST-2                    
1 37606U 11022B   25002.90049309 -.00000195  00000+0  00000+0 0  9995
2 37606   0.0155  60.1895 0001736 242.4978 212.2874  1.00271049 49965
ZHONGXING-10            
1 37677U 11026A   25002.11090912 -.00000334  00000+0  00000+0 0  9991
2 37677   0.0476 257.5222 0002824 315.9606  38.9678  1.00271481 49648
SES-3                   
1 37748U 11035A   25003.36438365 -.00000086  00000+0  00000+0 0  9990
2 37748   0.0185  26.5239 0002520 256.4593 208.4310  1.00271139 49381
KAZSAT-2                
1 37749U 11035B   25001.73799557 -.00000179  00000+0  00000+0 0  9996
2 37749   0.0342 148.4185 0001268 196.8403 108.5779  1.00270903 48078
BEIDOU-2 IGSO-4         
1 37763U 11038A   25002.90899396  .00000044  00000+0  00000+0 0  9997
2 37763  54.5701 170.4096 0131530 228.4430 127.0165  1.00265489 49328
ASTRA 1N                
1 37775U 11041A   25002.12827273  .00000138  00000+0  00000+0 0  9997
2 37775   0.0699  39.5190 0002632 304.0112 183.8788  1.00272981 49079
BSAT-3C (JCSAT-110R)    
1 37776U 11041B   25002.93103551 -.00000334  00000+0  00000+0 0  9992
2 37776   0.0079  44.5353 0000556 327.8352 175.5428  1.00269054 45163
PAKSAT-1R               
1 37779U 11042A   25003.11137442  .00000170  00000+0  00000+0 0  9990
2 37779   0.0297 117.5397 0001340 241.1751 182.3349  1.00271386 48960
SES-2                   
1 37809U 11049A   25002.87224348 -.00000179  00000+0  00000+0 0  9995
2 37809   0.0142 346.1898 0002670 307.2267  36.3445  1.00271392 48649
ARABSAT-5C              
1 37810U 11049B   25002.94927010  .00000139  00000+0  00000+0 0  9996
2 37810   0.0509  23.3221 0004483 223.7419 217.4785  1.00271781 48727
EUTELSAT 7 WEST A       
1 37816U 11051A   25003.40848031 -.00000045  00000+0  00000+0 0  9999
2 37816   0.0612  13.4122 0005602 222.7869   6.8257  1.00270589 48651
QUETZSAT 1              
1 37826U 11054A   25002.80273904 -.00000225  00000+0  00000+0 0  9997
2 37826   0.0131  27.1373 0002850 268.9218  18.5867  1.00268911 44558
INTELSAT 18 (IS-18)     
1 37834U 11056A   25001.85327955  .00000071  00000+0  00000+0 0  9996
2 37834   0.0162 335.0635 0001050 301.1990 312.6425  1.00270562 48480
EUTELSAT 16A            
1 37836U 11057A   25002.89266041  .00000120  00000+0  00000+0 0  9997
2 37836   0.0659  10.9278 0005668 274.0621 155.1029  1.00271434  2011
VIASAT-1                
1 37843U 11059A   25001.65184215 -.00000005  00000+0  00000+0 0  9995
2 37843   0.0236  33.8159 0001916 255.3627 291.9107  1.00277372 41995
ASIASAT 7               
1 37933U 11069A   25002.33874432 -.00000316  00000+0  00000+0 0  9994
2 37933   0.0627 219.8900 0000966  24.7369  85.0187  1.00267410 48139
BEIDOU-2 IGSO-5         
1 37948U 11073A   24366.72713721 -.00000133  00000+0  00000+0 0  9990
2 37948  48.6515 278.1070 0101638 221.0549 318.3048  1.00287793 47790
LUCH-5A                 
1 37951U 11074B   25003.52627928 -.00000037  00000+0  00000+0 0  9998
2 37951   7.3989  81.8246 0004156 181.0123 196.8960  1.00273102 47886
NIGCOMSAT 1R            
1 38014U 11077A   25002.96765519  .00000160  00000+0  00000+0 0  9994
2 38014   0.0496 230.0002 0002117  94.7957 168.9167  1.00275391 47643
WGS F4 (USA 233)        
1 38070U 12003A   25001.62099955 -.00000195  00000+0  00000+0 0  9991
2 38070   0.0173  41.4639 0000619 304.0463  67.9501  1.00263990 38812
SES-4                   
1 38087U 12007A   25001.88473031 -.00000150  00000+0  00000+0 0  9993
2 38087   0.0256  45.1711 0002522 244.4274 108.6722  1.00272073 46893
BEIDOU-2 G5             
1 38091U 12008A   25002.40095080  .00000073  00000+0  00000+0 0  9995
2 38091   2.2505  71.1310 0012806 231.9869   2.2183  1.00269843 47049
MUOS-1                  
1 38093U 12009A   25002.37534152 -.00000112  00000+0  00000+0 0  9997
2 38093   4.4157  46.1466 0051726 356.0546  95.2203  1.00271962 47126
INTELSAT 22 (IS-22)     
1 38098U 12011A   25002.39841280 -.00000042  00000+0  00000+0 0  9992
2 38098   0.0205  56.1496 0001857 232.3264  29.3187  1.00270968 46734
APSTAR-7                
1 38107U 12013A   25002.20674356 -.00000084  00000+0  00000+0 0  9999
2 38107   0.0327  92.7151 0002229 203.5095 316.7954  1.00270908 46841
YAHSAT 1B               
1 38245U 12016A   25001.68424861  .00000145  00000+0  00000+0 0  9997
2 38245   0.0929  91.9643 0002885 215.9190  87.6189  1.00269520 40262
AEHF-2 (USA 235)        
1 38254U 12019A   25002.88623125 -.00000121  00000+0  00000+0 0  9992
2 38254   5.4211  60.8414 0002720 219.3036 125.1958  1.00271474 46350
JCSAT-13                
1 38331U 12023A   25002.27094767 -.00000339  00000+0  00000+0 0  9991
2 38331   0.0180  35.9795 0001866 245.7651  41.9287  1.00267961 46258
VINASAT-2               
1 38332U 12023B   25002.92183475 -.00000313  00000+0  00000+0 0  9991
2 38332   0.0198 329.8601 0002353 313.0801 283.5543  1.00272119 41342
NIMIQ 6                 
1 38342U 12026A   25001.51361517 -.00000154  00000+0  00000+0 0  9997
2 38342   0.0055  21.6437 0002465 261.8830 271.6902  1.00270349 45080
ZHONGXING-2A            
1 38352U 12028A   25002.40877005 -.00000275  00000+0  00000+0 0  9997
2 38352   0.0812 101.0362 0001920 205.3508  41.2879  1.00268202 45979
INTELSAT 19 (IS-19)     
1 38356U 12030A   25002.85095774 -.00000040  00000+0  00000+0 0  9998
2 38356   0.0093  32.7713 0002908 252.3830 289.9253  1.00271316 45125
ECHOSTAR 17             
1 38551U 12035A   25001.65314536 -.00000056  00000+0  00000+0 0  9994
2 38551   0.0178  28.2019 0002170 247.7698 313.6115  1.00271753 45730
METEOSAT-10 (MSG-3)     
1 38552U 12035B   25002.88944582  .00000008  00000+0  00000+0 0  9997
2 38552   3.4224  61.9140 0001298 239.4547 121.6199  1.00272805 45547
SES-5                   
1 38652U 12036A   25001.53255515  .00000053  00000+0  00000+0 0  9991
2 38652   0.0567 303.3790 0001611 331.7962  22.9459  1.00269901 39145
INTELSAT 20 (IS-20)     
1 38740U 12043A   25002.21229818 -.00000007  00000+0  00000+0 0  9990
2 38740   0.0128  64.3277 0003050 111.8557  70.8206  1.00272808 45505
HYLAS 2                 
1 38741U 12043B   25002.51861333 -.00000066  00000+0  00000+0 0  9993
2 38741   1.0544  87.7672 0001164 298.7364  58.7578  1.00571582 45443
INTELSAT 21 (IS-21)     
1 38749U 12045A   25002.26507759 -.00000267  00000+0  00000+0 0  9997
2 38749   0.0192 302.4409 0001643 335.7373 221.3911  1.00269876 45201
ASTRA 2F                
1 38778U 12051A   25002.95536226  .00000166  00000+0  00000+0 0  9990
2 38778   0.0679 249.1003 0003949 358.7823 227.0809  1.00273014 44977
GSAT-10                 
1 38779U 12051B   25001.81293560 -.00000146  00000+0  00000+0 0  9995
2 38779   0.0673 260.2722 0002319 206.3754  10.7664  1.00269866 44960
INTELSAT 23 (IS-23)     
1 38867U 12057A   25002.87893329 -.00000268  00000+0  00000+0 0  9990
2 38867   0.0108 248.8253 0001024 158.8801 318.4800  1.00269505 44621
BEIDOU-2 G6             
1 38953U 12059A   25003.12041000 -.00000161  00000+0  00000+0 0  9990
2 38953   3.0703  78.8870 0008361 289.1062 222.3208  1.00273170 44735
LUCH-5B                 
1 38977U 12061A   25002.88623125 -.00000125  00000+0  00000+0 0  9995
2 38977   9.3269  54.9294 0005350 188.0447 162.4966  1.00271519 44854
YAMAL 300K              
1 38978U 12061B   25002.85434609  .00000087  00000+0  00000+0 0  9996
2 38978   0.0193  15.8602 0000293   0.9253 216.4436  1.00271148 44317
STAR ONE C3             
1 38991U 12062A   25002.16000120 -.00000231  00000+0  00000+0 0  9995
2 38991   0.0181  31.2855 0001913 250.2430 163.1351  1.00271550 44432
EUTELSAT 21B            
1 38992U 12062B   25002.94984766  .00000146  00000+0  00000+0 0  9993
2 38992   0.0658  10.6912 0002940 269.2756 186.3721  1.00271460 44516
ECHOSTAR 16             
1 39008U 12065A   25002.16269450 -.00000264  00000+0  00000+0 0  9997
2 39008   0.0178  44.0154 0002169 235.0221 180.0811  1.00271098 44486
ZHONGXING-12            
1 39017U 12067A   25002.20118917 -.00000189  00000+0  00000+0 0  9991
2 39017   0.0337  94.4407 0003081 183.5028 344.0745  1.00270902 44389
EUTELSAT 70B            
1 39020U 12069A   25002.39841280 -.00000026  00000+0  00000+0 0  9993
2 39020   0.0611  10.2593 0004143 250.9191  55.0169  1.00271166 44281
YAMAL 402               
1 39022U 12070A   25001.68563868  .00000105  00000+0  00000+0 0  9998
2 39022   0.0125  35.2189 0004513 252.9108 115.1782  1.00270821 44277
SKYNET 5D               
1 39034U 12075A   25003.11432837  .00000116  00000+0  00000+0 0  9999
2 39034   0.0662   5.8089 0003701 270.5669 280.4782  1.00269790 44206
MEXSAT 3                
1 39035U 12075B   25001.50901051 -.00000006  00000+0  00000+0 0  9999
2 39035   0.0208  38.2309 0001697 242.2103 249.4123  1.00270199  1728
TDRS 11                 
1 39070U 13004A   25002.85486737  .00000094  00000+0  00000+0 0  9995
2 39070   2.8768  18.4659 0002091  13.6875 203.8729  1.00270478 41372
AMAZONAS 3              
1 39078U 13006A   25003.09173941 -.00000267  00000+0  00000+0 0  9995
2 39078   0.0288 201.8943 0003950  51.7084 181.4115  1.00270725 43659
AZERSPACE 1             
1 39079U 13006B   25002.97043920  .00000149  00000+0  00000+0 0  9993
2 39079   0.0174  24.5411 0001548 286.6613 186.9812  1.00270554 43498
SBIRS GEO-2 (USA 241)   
1 39120U 13011A   25002.88197410 -.00000242  00000+0  00000+0 0  9995
2 39120   3.3714  49.9431 0002448 232.2576 100.0550  1.00271345 43214
EUTELSAT 117 WEST A     
1 39122U 13012A   25002.22316336  .00000004  00000+0  00000+0 0  9991
2 39122   0.0224 318.1387 0002954 327.8355 139.6771  1.00272208 43149
ANIK G1                 
1 39127U 13014A   25002.86816010 -.00000057  00000+0  00000+0 0  9991
2 39127   0.0180  39.1296 0003493 243.9751  24.8721  1.00271148 42939
ZHONGXING-11            
1 39157U 13020A   25002.92629279 -.00000274  00000+0  00000+0 0  9998
2 39157   0.0451 268.4493 0005498  38.4750 227.2072  1.00267740 42584
EUTELSAT 7B             
1 39163U 13022A   25002.38521439  .00000065  00000+0  00000+0 0  9993
2 39163   0.0682 343.4533 0004787 346.7036 277.8064  1.00269048 42628
WGS F5 (USA 243)        
1 39168U 13024A   25002.16443211 -.00000267  00000+0  00000+0 0  9992
2 39168   0.0233  47.8517 0000349 335.1296  85.7776  1.00268692 42509
SES-6                   
1 39172U 13026A   25002.88145282 -.00000245  00000+0  00000+0 0  9991
2 39172   0.0179 356.8286 0002142 290.9577  91.7901  1.00271025 42402
IRNSS-1A                
1 39199U 13034A   25001.75716289  .00000073  00000+0  00000+0 0  9993
2 39199  34.5273  71.5481 0021017 187.3857 170.3177  1.00277724 42038
MUOS-2                  
1 39206U 13036A   25003.54287642  .00000078  00000+0  00000+0 0  9994
2 39206   3.9759  42.9145 0054567 183.1469 255.7655  1.00269686 41995
ALPHASAT                
1 39215U 13038A   25002.95394920  .00000149  00000+0  00000+0 0  9997
2 39215   2.9142   5.7996 0001836 270.0818 195.2268  1.00269944 38706
INSAT-3D                
1 39216U 13038B   25002.91962255 -.00000324  00000+0  00000+0 0  9992
2 39216   0.5519  90.1171 0001806 179.3163 293.8796  1.00269545 41761
WGS F6 (USA 244)        
1 39222U 13041A   25002.32883880  .00000106  00000+0  00000+0 0  9991
2 39222   0.0214  35.2605 0000263 174.7124 235.4301  1.00270705 41741
ES'HAIL 1               
1 39233U 13044A   25003.25161062  .00000159  00000+0  00000+0 0  9998
2 39233   0.0476 353.6572 0002121 295.7175 289.8194  1.00269342 41588
GSAT-7                  
1 39234U 13044B   25003.40443352 -.00000061  00000+0  00000+0 0  9994
2 39234   0.0299  89.3469 0010050 182.7038  50.8112  1.00270634 41585
AMOS-4                  
1 39237U 13045A   25002.11638718  .00000025  00000+0  00000+0 0  9996
2 39237   0.0157  75.0636 0002891 225.7118 268.1115  1.00271712 41631
AEHF-3 (USA 246)        
1 39256U 13050A   25003.10327226  .00000044  00000+0  00000+0 0  9993
2 39256   3.9749  71.6157 0093079 176.8337 127.4260  1.00271187 41362
ASTRA 2E                
1 39285U 13056A   25002.95536219  .00000166  00000+0  00000+0 0  9992
2 39285   0.0543   0.2356 0002966 284.2849 190.7259  1.00275002 41103
FM-6                    
1 39360U 13058A   25002.86624873 -.00000001  00000+0  00000+0 0  9991
2 39360   0.0340  56.2701 0000408 169.7975  72.3411  1.00272865 40741
RADUGA-1M 3             
1 39375U 13062A   25002.25331093  .00000168  00000+0  00000+0 0  9997
2 39375   4.6092  78.9068 0002014 342.6399 166.7924  1.00272449 40784
SES-8                   
1 39460U 13071A   25002.90049309 -.00000253  00000+0  00000+0 0  9996
2 39460   0.0408 264.1810 0000777  62.8508 194.9172  1.00269587 39113
INMARSAT 5-F1           
1 39476U 13073A   25001.16021517  .00000048  00000+0  00000+0 0  9994
2 39476   0.0211  58.0955 0000100  57.3085 105.9405  1.00271111 40255
TKSAT-1 (TUPAC KATARI)  
1 39481U 13075A   25002.87215661 -.00000178  00000+0  00000+0 0  9991
2 39481   0.0359 142.9546 0003350 154.8034  31.7568  1.00270388 40273
EXPRESS-AM5             
1 39487U 13077A   25002.91728328 -.00000264  00000+0  00000+0 0  9999
2 39487   0.0166 334.8921 0001987 323.3077 274.8494  1.00269420 41047
GSAT-14                 
1 39498U 14001A   25002.99422174 -.00000061  00000+0  00000+0 0  9992
2 39498   0.0414 253.6373 0006406  14.4707 266.6719  1.00270487 40260
THAICOM 6               
1 39500U 14002A   25003.11945432 -.00000105  00000+0  00000+0 0  9998
2 39500   0.0802 105.5778 0000798 153.1088 325.8250  1.00271561 40206
TDRS 12                 
1 39504U 14004A   25002.88136594 -.00000255  00000+0  00000+0 0  9994
2 39504   3.5987   8.2254 0005408 257.7623 113.0242  1.00265786 38969
ABS-2                   
1 39508U 14006A   25002.42063016 -.00000069  00000+0  00000+0 0  9991
2 39508   0.0174  66.4915 0003317 204.7755  57.3927  1.00271206 40000
ATHENA-FIDUS            
1 39509U 14006B   25003.18280122  .00000170  00000+0  00000+0 0  9997
2 39509   0.0263  99.3887 0000931 195.7107 271.5594  1.00272749 40184
TURKSAT 4A              
1 39522U 14007A   25002.96736913  .00000162  00000+0  00000+0 0  9993
2 39522   0.0796 268.2055 0004886   9.0476 215.8292  1.00272643 39652
EXPRESS-AT1             
1 39612U 14010A   25002.40042951  .00000095  00000+0  00000+0 0  9993
2 39612   0.0176 345.5670 0000337 166.5027 150.3588  1.00271503 39491
EXPRESS-AT2             
1 39613U 14010B   25002.91719639 -.00000266  00000+0  00000+0 0  9995
2 39613   0.0202  35.7988 0001761 273.9721 263.0651  1.00268440 39183
AMAZONAS 4A             
1 39616U 14011A   25002.87476302 -.00000235  00000+0  00000+0 0  9997
2 39616   0.0635 159.2772 0004194 112.2934  72.0593  1.00268258 39396
ASTRA 5B                
1 39617U 14011B   25002.95204569  .00000153  00000+0  00000+0 0  9999
2 39617   0.0437 345.2491 0004217 293.5566 190.2839  1.00274503 39556
IRNSS-1B                
1 39635U 14017A   24355.79702104  .00000117  00000+0  00000+0 0  9995
2 39635  29.0576 249.6668 0018335 182.9758 359.3652  1.00278866 39337
LUCH-5V                 
1 39727U 14023A   25002.89211288 -.00000255  00000+0  00000+0 0  9997
2 39727   3.8029  74.5771 0004019 219.8231 224.2710  1.00271782 39045
KAZSAT-3                
1 39728U 14023B   25002.90108782  .00000076  00000+0  00000+0 0  9994
2 39728   0.0193  57.9199 0000251 134.5703 293.1931  1.00271673 37145
EUTELSAT 3B             
1 39773U 14030A   25002.93750550  .00000036  00000+0  00000+0 0  9997
2 39773   0.0605  11.2521 0004342 224.3712 207.7770  1.00271109 38752
ASIASAT 8 (AMOS-7)      
1 40107U 14046A   25002.88866390 -.00000017  00000+0  00000+0 0  9991
2 40107   0.0145  66.9322 0001844 222.6856 129.1827  1.00271845 96823
ASIASAT 6               
1 40141U 14052A   25002.91192470 -.00000346  00000+0  00000+0 0  9996
2 40141   0.0167  34.8255 0000591 219.3209 296.8351  1.00269258 37753
OPTUS 10                
1 40146U 14054A   24366.62341097 -.00000126  00000+0  00000+0 0  9990
2 40146   0.0621 303.4026 0000984 349.8916 187.6566  1.00270402 37695
MEASAT-3B               
1 40147U 14054B   25001.14354985 -.00000221  00000+0  00000+0 0  9991
2 40147   0.0265 358.8514 0001744 346.8975 258.4510  1.00269512 37587
LUCH (OLYMP-K 1)        
1 40258U 14058A   25002.88588373 -.00000125  00000+0  00000+0 0  9993
2 40258   0.5210  88.9838 0004037 222.6935  91.9017  1.00271379 35674
HIMAWARI-8              
1 40267U 14060A   25002.91737015 -.00000260  00000+0  00000+0 0  9999
2 40267   0.0197  63.5681 0000806 231.0559 279.0899  1.00268602 37443
IRNSS-1C                
1 40269U 14061A   25002.90206750 -.00000147  00000+0  00000+0 0  9992
2 40269   5.1689  99.9972 0017904   4.4541  46.0039  1.00268553 37378
INTELSAT 30 (IS-30)     
1 40271U 14062A   25001.51292014 -.00000131  00000+0  00000+0 0  9993
2 40271   0.0117  27.8660 0001233   0.7211 162.3996  1.00268859  1459
ARSAT 1                 
1 40272U 14062B   25002.87519742 -.00000243  00000+0  00000+0 0  9998
2 40272   0.0166 342.9175 0001633 296.2848  66.8291  1.00271520 37294
EXPRESS-AM6             
1 40277U 14064A   25002.89995837  .00000114  00000+0  00000+0 0  9996
2 40277   0.0182 350.0480 0000798 340.6854 149.0221  1.00271651 36266
GSAT-16                 
1 40332U 14078A   24366.41021616  .00000107  00000+0  00000+0 0  9990
2 40332   0.0134 305.5555 0003007 162.5320 194.9728  1.00269637 36765
DIRECTV 14              
1 40333U 14078B   25001.51205133 -.00000104  00000+0  00000+0 0  9995
2 40333   0.0178 328.5227 0001075 197.7978  20.2000  1.00259988 36725
YAMAL 401               
1 40345U 14082A   25002.90049309 -.00000213  00000+0  00000+0 0  9999
2 40345   0.0047 347.1253 0000255  62.0652 107.7321  1.00271171 36603
ASTRA 2G                
1 40364U 14089A   25002.18050502  .00000167  00000+0  00000+0 0  9991
2 40364   0.0462  23.0969 0001911 358.7182 173.4435  1.00273300 36693
FENGYUN 2G              
1 40367U 14090A   25002.89581529 -.00000288  00000+0  00000+0 0  9997
2 40367   4.2885  79.2520 0001037 175.5561 270.0156  1.00271190 36725
MUOS-3                  
1 40374U 15002A   25002.88640501 -.00000113  00000+0  00000+0 0  9991
2 40374   3.5553  38.7415 0057908 183.7649 183.9054  1.00271924 36270
INMARSAT 5-F2           
1 40384U 15005A   24366.54355062 -.00000263  00000+0  00000+0 0  9991
2 40384   0.0182  55.5119 0000298 283.0720 262.5474  1.00270944 35655
ABS-3A                  
1 40424U 15010A   25002.88365144 -.00000011  00000+0  00000+0 0  9990
2 40424   0.0396  70.8988 0001497 154.4031 192.5700  1.00269713 36050
EUTELSAT 115 WEST B     
1 40425U 15010B   25001.50901051 -.00000005  00000+0  00000+0 0  9995
2 40425   0.0067 160.9878 0000954  96.3575 272.4001  1.00270809 36060
EXPRESS-AM7             
1 40505U 15012A   25003.11180882  .00000166  00000+0  00000+0 0  9993
2 40505   0.0175  35.9814 0002645 246.6980 260.5406  1.00271431 36046
IRNSS-1D                
1 40547U 15018A   25003.55456130 -.00000254  00000+0  00000+0 0  9994
2 40547  27.0895 249.2144 0019457 180.6572 345.1720  1.00273184 35932
BEIDOU-3S IGSO-1S       
1 40549U 15019A   24366.82584252 -.00000168  00000+0  00000+0 0  9999
2 40549  50.2054 301.8502 0034192 198.2647 353.1238  1.00260112 35731
THOR 7                  
1 40613U 15022A   25002.88935896  .00000008  00000+0  00000+0 0  9995
2 40613   0.0451 217.8741 0002465  63.2246 141.1779  1.00271457 35494
TURKMENALEM52E/MONACOSAT
1 40617U 15023A   25003.11415462  .00000120  00000+0  00000+0 0  9994
2 40617   0.0341  86.9127 0002896 198.8965 270.2794  1.00271354 35510
DIRECTV 15              
1 40663U 15026A   25002.86902890 -.00000086  00000+0  00000+0 0  9997
2 40663   0.0146  64.6712 0000593  92.1980 155.8433  1.00268422 35141
SKY MEXICO-1            
1 40664U 15026B   25002.27618890 -.00000217  00000+0  00000+0 0  9993
2 40664   0.0228  20.6499 0002428 277.9822 184.1801  1.00269730 35130
METEOSAT-11 (MSG-4)     
1 40732U 15034A   25002.89127031  .00000077  00000+0  00000+0 0  9991
2 40732   1.8749  71.8038 0001808 174.7735 186.2256  1.00272136  1907
STAR ONE C4             
1 40733U 15034B   25002.87554494 -.00000248  00000+0  00000+0 0  9998
2 40733   0.0205   9.1007 0002435 309.6273  29.2157  1.00270519 34690
WGS F7 (USA 263)        
1 40746U 15036A   25002.13819419  .00000035  00000+0  00000+0 0  9997
2 40746   0.0382  71.4135 0000043 301.9143 313.4319  1.00270300 34548
INTELSAT 34 (IS-34)     
1 40874U 15039A   25002.26507759 -.00000268  00000+0  00000+0 0  9996
2 40874   0.0176  26.7928 0000462 135.2782 339.9944  1.00268465 34294
EUTELSAT 8 WEST B       
1 40875U 15039B   25002.88788198 -.00000049  00000+0  00000+0 0  9990
2 40875   0.0645  12.0467 0004078 268.9904 133.3605  1.00271950 34326
GSAT-6                  
1 40880U 15041A   25002.90604763 -.00000144  00000+0  00000+0 0  9993
2 40880   0.5453  90.2725 0003168 190.2665 230.9355  1.00272116 34274
INMARSAT 5-F3           
1 40882U 15042A   24366.42415362  .00000072  00000+0  00000+0 0  9999
2 40882   0.0241  65.7874 0000329  65.3837 301.4452  1.00271525 34216
MUOS-4                  
1 40887U 15044A   25003.04734346 -.00000078  00000+0  00000+0 0  9996
2 40887   3.3980  36.2742 0053521 356.0470 162.6593  1.00271499 34234
TJS-1                   
1 40892U 15046A   25003.20465985 -.00000140  00000+0  00000+0 0  9992
2 40892   0.0792 254.7952 0003689  72.2945   4.7009  1.00271431 34244
EXPRESS-AM8             
1 40895U 15048A   25002.88666565 -.00000095  00000+0  00000+0 0  9996
2 40895   0.0180  24.4599 0000278 163.2375 220.2612  1.00269909 34024
BEIDOU-3S IGSO-2S       
1 40938U 15053A   25001.69354705 -.00000093  00000+0  00000+0 0  9996
2 40938  50.0468 265.0826 0051425 188.1723 353.2469  1.00260461 34026
SKY MUSTER 1 (NBN1A)    
1 40940U 15054A   25001.19493811 -.00000259  00000+0  00000+0 0  9991
2 40940   0.0176 345.6325 0001597 295.9224  29.9473  1.00269353 33926
ARSAT 2                 
1 40941U 15054B   25002.87337293 -.00000208  00000+0  00000+0 0  9993
2 40941   0.0140 351.8503 0001719 279.1724  65.1496  1.00271511 33993
MORELOS 3               
1 40946U 15056A   25002.86703066 -.00000026  00000+0  00000+0 0  9992
2 40946   2.9733 358.6822 0001286 346.0281 317.0544  1.00272074 33962
APSTAR-9                
1 40982U 15059A   25002.41632807 -.00000250  00000+0  00000+0 0  9999
2 40982   0.0215  40.5007 0002209 223.7345 129.9271  1.00268578 33798
TURKSAT 4B              
1 40984U 15060A   25001.39867222  .00000134  00000+0  00000+0 0  9990
2 40984   0.0191  63.7875 0000357 313.5959 277.4475  1.00274394 33769
ZHONGXING-2C            
1 41021U 15063A   25002.40981260 -.00000306  00000+0  00000+0 0  9990
2 41021   0.0153 254.0653 0002966 309.4229 149.7873  1.00267586 33679
GSAT-15                 
1 41028U 15065A   25002.90049309 -.00000241  00000+0  00000+0 0  9991
2 41028   0.0396 253.1168 0002094   2.7575 264.5675  1.00269511 33480
BADR-7 (ARABSAT-6B)     
1 41029U 15065B   25002.95368316  .00000160  00000+0  00000+0 0  9998
2 41029   0.0165 254.9014 0005733 351.6008 225.6390  1.00267631 33454
LAOSAT 1                
1 41034U 15067A   25003.04910495 -.00000327  00000+0  00000+0 0  9994
2 41034   0.0513 217.7066 0001378   1.2860  30.0807  1.00267306 33524
TELSTAR 12V             
1 41036U 15068A   25002.88649189 -.00000103  00000+0  00000+0 0  9999
2 41036   0.0278  78.5045 0002430 216.4283 111.9629  1.00270757 33304
ELEKTRO-L 2             
1 41105U 15074A   25002.88666565 -.00000103  00000+0  00000+0 0  9990
2 41105   5.3504  77.0572 0003765 201.5511 128.8865  1.00271796 33180
COSMOS 2513             
1 41121U 15075A   25001.33333803 -.00000119  00000+0  00000+0 0  9991
2 41121   0.0742 103.6715 0002316 198.5384 359.2681  1.00272514 33201
EXPRESS-AMU1            
1 41191U 15082A   25003.11102691  .00000171  00000+0  00000+0 0  9990
2 41191   0.0155 334.5396 0001961 308.3189 256.2218  1.00273903 33198
GAOFEN-4                
1 41194U 15083A   25002.93438637 -.00000318  00000+0  00000+0 0  9999
2 41194   0.2025  83.3400 0001869 224.1160 237.4098  1.00267503 33214
BELINTERSAT-1           
1 41238U 16001A   25003.11406772  .00000123  00000+0  00000+0 0  9998
2 41238   0.0466 267.7696 0002769 340.1036 307.6526  1.00271180 32914
IRNSS-1E                
1 41241U 16003A   24366.64515058 -.00000299  00000+0  00000+0 0  9996
2 41241  32.0806  70.5408 0021717 189.0714 184.9851  1.00275708 32747
EUTELSAT 9B             
1 41310U 16005A   25002.89127031  .00000078  00000+0  00000+0 0  9994
2 41310   0.0474  66.3696 0004713 212.0977 154.1379  1.00271120 32790
SES-9                   
1 41380U 16013A   25002.35535222 -.00000328  00000+0  00000+0 0  9995
2 41380   0.0371 292.5651 0000234 187.2541 218.6259  1.00267663 32117
EUTELSAT 65 WEST A      
1 41382U 16014A   25002.32688356 -.00000258  00000+0  00000+0 0  9994
2 41382   0.0681 319.1319 0002033 327.2613 228.2708  1.00268458 32215
IRNSS-1F                
1 41384U 16015A   25002.43730024  .00000173  00000+0  00000+0 0  9994
2 41384   4.0366 111.0069 0026838 185.7054 355.5863  1.00277042 32346
BEIDOU-2 IGSO-6         
1 41434U 16021A   25001.79853830 -.00000141  00000+0  00000+0 0  9992
2 41434  59.4689  43.3499 0055358 227.5018 215.3200  1.00276095 32156
IRNSS-1G                
1 41469U 16027A   25003.51815413 -.00000322  00000+0  00000+0 0  9994
2 41469   3.9067 111.9927 0002989 307.5081 359.8733  1.00266214 31861
JCSAT-2B                
1 41471U 16028A   25002.47467161 -.00000149  00000+0  00000+0 0  9992
2 41471   0.0194  27.1955 0000847 260.7060 139.3257  1.00270018 31768
THAICOM 8               
1 41552U 16031A   25001.15466098 -.00000101  00000+0  00000+0 0  9996
2 41552   0.0510  34.8648 0003818 271.7557 288.5897  1.00270636 31389
INTELSAT 31 (IS-31)     
1 41581U 16035A   24366.40026822 -.00000128  00000+0  00000+0 0  9999
2 41581   0.0159  58.5269 0002116 110.0018 340.8193  1.00271259 31348
BEIDOU-2 G7             
1 41586U 16037A   25002.90511598 -.00000339  00000+0  00000+0 0  9992
2 41586   1.8579  67.7377 0008014 342.0075 129.4235  1.00269316  1574
ABS-2A (MONGOLSAT-1)    
1 41588U 16038A   25002.90604763 -.00000068  00000+0  00000+0 0  9991
2 41588   0.0076  63.4959 0001529 167.7042 272.4834  1.00270818 31372
EUTELSAT 117 WEST B     
1 41589U 16038B   25001.50857611  .00000008  00000+0  00000+0 0  9992
2 41589   0.0126 153.8150 0000321 124.0465 249.6162  1.00272117 31330
BRISAT                  
1 41591U 16039A   24366.57206617 -.00000175  00000+0  00000+0 0  9996
2 41591   0.0227  20.0464 0001850 259.7832 177.0841  1.00269045 31277
ECHOSTAR 18             
1 41592U 16039B   25002.27063473 -.00000265  00000+0  00000+0 0  9993
2 41592   0.0248  43.4805 0001420 237.3562 217.4047  1.00268704 31294
MUOS-5                  
1 41622U 16041A   25003.08287760 -.00000089  00000+0  00000+0 0  9991
2 41622   3.4072 296.8454 0196513 258.3025 192.6901  1.00270199 31754
TIANTONG-1 1            
1 41725U 16048A   25002.89781027 -.00000304  00000+0  00000+0 0  9995
2 41725   2.9140  35.2449 0006324 294.5164 197.6009  1.00274332 30951
JCSAT-16                
1 41729U 16050A   25002.50581697 -.00000235  00000+0  00000+0 0  9994
2 41729   0.0183  30.6868 0001199  51.7915 345.9491  1.00269779 30746
USA 270                 
1 41744U 16052A   25001.33959343 -.00000343  00000+0  00000+0 0  9990
2 41744   2.8297  83.9965 0000936 277.2330 333.8140  1.00395683 22799
USA 271                 
1 41745U 16052B   25001.34072287 -.00000341  00000+0  00000+0 0  9993
2 41745   2.8057  84.0107 0001215 334.8143 282.5076  1.00145131 22583
INTELSAT 36 (IS-36)     
1 41747U 16053A   25002.18849803 -.00000006  00000+0  00000+0 0  9993
2 41747   0.0115  24.8492 0001107 325.0291 248.5319  1.00269271 30623
INSAT-3DR               
1 41752U 16054A   25002.99422156 -.00000062  00000+0  00000+0 0  9999
2 41752   0.0531  93.8102 0013497 178.9614 262.0581  1.00273397 30484
GSAT-18                 
1 41793U 16060A   25002.99422214 -.00000061  00000+0  00000+0 0  9995
2 41793   0.0216  45.7334 0003449 201.9472 287.0837  1.00270267 30201
SKY MUSTER 2 (NBN1B)    
1 41794U 16060B   25002.50581709 -.00000228  00000+0  00000+0 0  9993
2 41794   0.0178 348.2314 0001432 295.0950 145.9401  1.00269224 30258
HIMAWARI-9              
1 41836U 16064A   25002.84910667 -.00000259  00000+0  00000+0 0  9994
2 41836   0.0366 202.5182 0001020 114.6327 231.9998  1.00269730 29893
SHIJIAN-17 (SJ-17)      
1 41838U 16065A   25002.90837718  .00000077  00000+0  00000+0 0  9996
2 41838   4.3981  79.0423 0004867 221.8338 310.9333  1.00268088 29891
GOES 16                 
1 41866U 16071A   25002.87450237 -.00000232  00000+0  00000+0 0  9991
2 41866   0.0401 204.3873 0001537 122.0068  15.9784  1.00269905 29786
TIANLIAN 1-04           
1 41869U 16072A   25003.13892653  .00000046  00000+0  00000+0 0  9999
2 41869   0.3358  91.4832 0032123  77.8394 160.4190  1.00271624 29998
WGS F8 (USA 272)        
1 41879U 16075A   25002.94979946 -.00000187  00000+0  00000+0 0  9999
2 41879   0.0144  41.5596 0000058 227.1590 325.8344  1.00269512 29601
FENGYUN 4A              
1 41882U 16077A   25001.33455435 -.00000179  00000+0  00000+0 0  9990
2 41882   0.9629  85.7749 0010772 343.7746 238.5504  1.00273505 29597
ECHOSTAR 19             
1 41893U 16079A   25001.29815139 -.00000118  00000+0  00000+0 0  9993
2 41893   0.0182  33.2099 0001185 244.4855 193.7358  1.00271317 29370
JCSAT-110A (JCSAT-15)   
1 41903U 16082A   25003.03035390 -.00000335  00000+0  00000+0 0  9997
2 41903   0.0195  26.0922 0000488 272.3473 285.4503  1.00268995 29461
STAR ONE D1             
1 41904U 16082B   25002.87276477 -.00000194  00000+0  00000+0 0  9995
2 41904   0.0230  57.9296 0002729 233.0575  41.9517  1.00270531 29454
TJS-2                   
1 41911U 17001A   25002.93244929  .00000009  00000+0  00000+0 0  9993
2 41911   0.3109  91.2084 0002446 232.1114 181.7079  1.00272919 29415
SBIRS GEO-4 (USA 273)   
1 41937U 17004A   25003.08461521 -.00000128  00000+0  00000+0 0  9993
2 41937   1.4766  15.9040 0002371 263.2358 117.4767  1.00270985 29287
HISPASAT 36W-1          
1 41942U 17006A   25003.12063027 -.00000229  00000+0  00000+0 0  9997
2 41942   0.0062 334.4816 0001117 302.0560 193.8785  1.00270416 29211
TELKOM 3S               
1 41944U 17007A   25002.32063356 -.00000346  00000+0  00000+0 0  9996
2 41944   0.0134  37.7038 0002299 253.7171  44.2055  1.00269927 28813
INTELSAT 32E (IS-32E)   
1 41945U 17007B   24365.09373128 -.00000243  00000+0  00000+0 0  9999
2 41945   0.0183  27.9571 0000841 142.0420 279.5959  1.00280887 28891
ECHOSTAR 23             
1 42070U 17014A   25003.41091067 -.00000042  00000+0  00000+0 0  9999
2 42070   0.0182  33.2815 0002197 248.6534 219.3694  1.00270426 28634
WGS F9 (USA 275)        
1 42075U 17016A   25002.29910709 -.00000079  00000+0  00000+0 0  9994
2 42075   0.0224  32.0854 0000399 354.3828 171.3957  1.00270492 28608
SES-10                  
1 42432U 17017A   25002.27063473 -.00000255  00000+0  00000+0 0  9993
2 42432   0.0154  34.6712 0002478 252.0860 205.9192  1.00268451 28425
CHINASAT 16 (SJ-13)     
1 42662U 17018A   25002.16299281 -.00000334  00000+0  00000+0 0  9993
2 42662   0.0336  83.9444 0007231 169.9975  17.2879  1.00266695 28419
KOREASAT 7              
1 42691U 17023A   25003.02827097 -.00000346  00000+0  00000+0 0  9992
2 42691   0.0206 358.5856 0001465 268.4811 321.8709  1.00269138 28121
SGDC                    
1 42692U 17023B   25001.92502187 -.00000231  00000+0  00000+0 0  9993
2 42692   0.0111 340.5798 0003049 318.3862  61.0016  1.00270023 28088
GSAT-9                  
1 42695U 17024A   25002.92629330 -.00000270  00000+0  00000+0 0  9991
2 42695   0.0459  92.2923 0002135 193.4404 247.8739  1.00269945 27992
INMARSAT 5-F4           
1 42698U 17025A   25001.23660541  .00000095  00000+0  00000+0 0  9991
2 42698   0.0176  13.4347 0000198 181.6904  47.6896  1.00271038 27948
SES-15                  
1 42709U 17026A   25001.30118720  .00000080  00000+0  00000+0 0  9994
2 42709   0.0185  21.7342 0000134 266.3934 152.3286  1.00266846  2112
QZS-2 (MICHIBIKI-2)     
1 42738U 17028A   25002.38472461 -.00000093  00000+0  00000+0 0  9997
2 42738  40.2537 250.8833 0754538 269.6754 221.9141  1.00279238  2304
VIASAT-2                
1 42740U 17029A   25002.87563183 -.00000249  00000+0  00000+0 0  9990
2 42740   0.0172 340.2585 0000110 121.9616 245.8577  1.00270047 27877
EUTELSAT 172B           
1 42741U 17029B   25002.85217407  .00000010  00000+0  00000+0 0  9999
2 42741   0.0180  68.4420 0000058  89.3154  63.7427  1.00268953 28414
GSAT-19                 
1 42747U 17031A   25002.40952277  .00000142  00000+0  00000+0 0  9996
2 42747   0.0173  76.7967 0001145 247.9224 332.8579  1.00270122 27810
ECHOSTAR 21             
1 42749U 17032A   25002.89153096  .00000083  00000+0  00000+0 0  9998
2 42749   2.2099 326.4398 0002196 304.1526 163.3873  1.00269690 27782
BULGARIASAT-1           
1 42801U 17038A   25002.81837753  .00000027  00000+0  00000+0 0  9992
2 42801   0.0528  92.6745 0002698 191.5863 114.9409  1.00270547 27590
HELLAS-SAT 3            
1 42814U 17040A   25002.43730024  .00000169  00000+0  00000+0 0  9997
2 42814   0.0629  48.8511 0003171 282.0668 327.8116  1.00271829 27534
GSAT-17                 
1 42815U 17040B   25002.90049309 -.00000242  00000+0  00000+0 0  9992
2 42815   0.0396  95.3752 0006615 170.6114 254.4486  1.00270836 27479
INTELSAT 35E (IS-35E)   
1 42818U 17041A   25002.31021605 -.00000221  00000+0  00000+0 0  9997
2 42818   0.0173  44.0283 0002283 248.6935 246.6312  1.00268834 27497
COSMOS 2520             
1 42907U 17046A   25001.91733524  .00000155  00000+0  00000+0 0  9991
2 42907   0.0446 102.9148 0001418 171.3248 202.7888  1.00272670 27068
TDRS 13                 
1 42915U 17047A   25003.24448640 -.00000082  00000+0  00000+0 0  9991
2 42915   3.5103 349.2217 0010415 118.5870  71.9380  1.00270901 27067
QZS-3 (MICHIBIKI-3)     
1 42917U 17048A   25002.91743366 -.00000332  00000+0  00000+0 0  9998
2 42917   0.0618 205.6655 0002129  82.3538 272.0925  1.00270511 26947
AMAZONAS 5              
1 42934U 17053A   24366.05118812 -.00000259  00000+0  00000+0 0  9990
2 42934   0.0318 329.4259 0004954 325.8583 122.0896  1.00269451 26695
ASIASAT 9               
1 42942U 17057A   25002.39285339 -.00000343  00000+0  00000+0 0  9991
2 42942   0.0425  72.1898 0002418 214.3774  79.3007  1.00264648 26535
INTELSAT 37E (IS-37E)   
1 42950U 17059A   25002.88588373 -.00000124  00000+0  00000+0 0  9997
2 42950   0.0174  44.5795 0002672 230.7987 128.2897  1.00272993 26740
BSAT-4A                 
1 42951U 17059B   25002.88382716 -.00000334  00000+0  00000+0 0  9994
2 42951   0.0461  50.8705 0002493 306.1369 173.7712  1.00270532 26483
QZS-4 (MICHIBIKI-4)     
1 42965U 17062A   24362.55006255 -.00000326  00000+0  00000+0 0  9997
2 42965  40.4220 350.3323 0751752 271.9012 167.8126  1.00248203 26423
SES-11 (ECHOSTAR 105)   
1 42967U 17063A   25003.09216079 -.00000073  00000+0  00000+0 0  9998
2 42967   0.0132 346.3773 0002715 281.6139 123.1977  1.00271179 26493
KOREASAT 5A             
1 42984U 17067A   25002.90641477 -.00000342  00000+0  00000+0 0  9993
2 42984   0.0141 331.8476 0000933 284.9384 285.4328  1.00268222 26216
ALCOMSAT 1              
1 43039U 17078A   25002.30466147 -.00000169  00000+0  00000+0 0  9997
2 43039   0.0448 133.9948 0003571 134.3994 278.6584  1.00270544 25979
SBIRS GEO-3 (USA 282)   
1 43162U 18009A   25002.42910008  .00000147  00000+0  00000+0 0  9997
2 43162   2.1747 344.4757 0002265 293.1711 179.7468  1.00271992 25529
AL YAH 3                
1 43174U 18012A   25002.88544933 -.00000140  00000+0  00000+0 0  9998
2 43174   0.2201  89.8202 0004656 212.1173  99.4576  1.00269927 25523
SES-14                  
1 43175U 18012B   25001.52239012 -.00000259  00000+0  00000+0 0  9999
2 43175   0.0115  11.2947 0000786 268.8676 321.8097  1.00269429  1696
GOES 17                 
1 43226U 18022A   25002.86868139 -.00000075  00000+0  00000+0 0  9999
2 43226   0.0243 140.0701 0003334 127.5383  43.1897  1.00272135 25104
HISPASAT 30W-6          
1 43228U 18023A   25001.45436264 -.00000196  00000+0  00000+0 0  9990
2 43228   0.0404  40.9022 0003535 272.4399 281.5788  1.00272098 25070
SUPERBIRD-B3            
1 43271U 18033A   25002.42145459 -.00000076  00000+0  00000+0 0  9997
2 43271   0.0155  22.9336 0000940 251.6486 141.4241  1.00268884 24718
HYLAS 4                 
1 43272U 18033B   25002.16825485 -.00000216  00000+0  00000+0 0  9999
2 43272   0.0518 266.4360 0000703  49.1152 173.5910  1.00271377 24755
IRNSS-1I                
1 43286U 18035A   24362.79771931  .00000084  00000+0  00000+0 0  9991
2 43286  29.1488  82.5817 0022150 185.2206 171.1934  1.00276436 24698
USA 283                 
1 43339U 18036A   25001.61712830 -.00000299  00000+0  00000+0 0  9995
2 43339   0.0087  40.1214 0000433 341.0846  76.5550  1.00268581  2075
COSMOS 2526             
1 43432U 18037A   25003.04910495 -.00000328  00000+0  00000+0 0  9999
2 43432   0.0456 108.9886 0000425 343.5498 156.1018  1.00274416 24643
APSTAR-6C               
1 43450U 18041A   25001.92092494 -.00000300  00000+0  00000+0 0  9999
2 43450   0.0369 315.9751 0003923 345.5526 265.7998  1.00269562 24489
BANGABANDHUSAT-1        
1 43463U 18044A   25001.20604906 -.00000343  00000+0  00000+0 0  9991
2 43463   0.0198  85.0365 0002032 192.8528  16.4869  1.00269923 24371
SES-12                  
1 43488U 18049A   25002.40816187 -.00000252  00000+0  00000+0 0  9991
2 43488   0.0188  42.2245 0002433 231.3437  70.6592  1.00270495 24092
FENGYUN 2H              
1 43491U 18050A   25003.11962809 -.00000114  00000+0  00000+0 0  9996
2 43491   1.6613  85.3793 0001123 177.0445 322.9733  1.00271003 24199
BEIDOU-2 IGSO-7         
1 43539U 18057A   25002.29881649 -.00000077  00000+0  00000+0 0  9994
2 43539  55.1586 167.6506 0079274 231.9419 280.4762  1.00250668 23805
TELSTAR 19V             
1 43562U 18059A   24366.22827337 -.00000257  00000+0  00000+0 0  9991
2 43562   0.0123  74.4625 0001093 120.2771 284.5790  1.00270436 23800
TELKOM 4 (MERAH PUTIH)  
1 43587U 18064A   25002.35535222 -.00000327  00000+0  00000+0 0  9993
2 43587   0.0110  45.3856 0001776 277.9891  14.7679  1.00268124 23559
TELSTAR 18V             
1 43611U 18069A   25001.84146639 -.00000276  00000+0  00000+0 0  9992
2 43611   0.0248  41.5187 0001729 236.1341 265.0103  1.00269112 23280
AZERSPACE 2 (IS-38)     
1 43632U 18074A   25002.42618731  .00000153  00000+0  00000+0 0  9996
2 43632   0.0178  29.1146 0001987 289.4911 342.2304  1.00271125 23123
HORIZONS-3E             
1 43633U 18074B   24366.37549453 -.00000008  00000+0  00000+0 0  9997
2 43633   0.0377 199.0539 0001294  65.3065 140.1001  1.00271217 22995
AEHF-4 (USA 288)        
1 43651U 18079A   25003.51911587 -.00000259  00000+0  00000+0 0  9996
2 43651   1.6290 333.9591 0050450   6.5057 242.3768  1.00273064 22974
BEIDOU-3 G1             
1 43683U 18085A   25002.91728328 -.00000265  00000+0  00000+0 0  9997
2 43683   2.6883 102.7202 0000982  44.7022  65.5703  1.00266542 22742
GSAT-29                 
1 43698U 18089A   25003.04334694  .00000101  00000+0  00000+0 0  9999
2 43698   0.0456 246.1271 0003028  19.9187 267.5111  1.00270162 22509
ES'HAIL 2               
1 43700U 18090A   25003.46611872  .00000159  00000+0  00000+0 0  9990
2 43700   0.0150  53.8794 0002508 271.8006 331.2474  1.00271323 22600
GEO-KOMPSAT-2A          
1 43823U 18100A   25003.04910495 -.00000328  00000+0  00000+0 0  9994
2 43823   0.0443 167.5295 0000423 267.7177 173.5951  1.00272001 22349
GSAT-11                 
1 43824U 18100B   25002.39841280 -.00000060  00000+0  00000+0 0  9990
2 43824   0.0643 261.7585 0001327 171.0241 246.9231  1.00271407 22158
GSAT-7A                 
1 43864U 18105A   25003.11632663  .00000043  00000+0  00000+0 0  9993
2 43864   0.0671 262.6101 0002280   6.6486 298.3834  1.00268713 22123
COSMOS 2533             
1 43867U 18107A   25001.40258184 -.00000018  00000+0  00000+0 0  9993
2 43867   0.0404  99.5480 0000908 169.4055  47.2485  1.00267433 22101
TJS-3                   
1 43874U 18110A   25002.90833943 -.00000178  00000+0  00000+0 0  9990
2 43874   1.1715  86.8971 0018553 357.1687 139.1360  1.00159194 22109
ZHONGXING-2D            
1 43920U 19001A   25002.37063356 -.00000321  00000+0  00000+0 0  9996
2 43920   0.0073 117.0799 0001547 114.8017 133.7655  1.00267165 22038
HELLAS-SAT 4 & SGS-1    
1 44034U 19007A   25003.01854742  .00000168  00000+0  00000+0 0  9996
2 44034   0.0702 122.0146 0003860  52.0015 334.5535  1.00271526 22042
GSAT-31                 
1 44035U 19007B   25003.11302515  .00000141  00000+0  00000+0 0  9995
2 44035   0.0425 246.6429 0006035  27.3562 277.5414  1.00270764 21641
NUSANTARA SATU          
1 44048U 19009A   25002.13228632 -.00000217  00000+0  00000+0 0  9994
2 44048   0.0354 115.7398 0001538  56.7239 123.1752  1.00269874 21446
ZHONGXING-6C            
1 44067U 19012A   25002.92073492 -.00000319  00000+0  00000+0 0  9991
2 44067   0.0516  78.1187 0003078 209.9503 276.6438  1.00272718 21426
WGS 10 (USA 291)        
1 44071U 19014A   25001.54367587  .00000066  00000+0  00000+0 0  9994
2 44071   0.0053 117.4078 0001482 296.8766 303.1599  1.00270987 21291
TIANLIAN 2-01           
1 44076U 19017A   25003.15066728 -.00000091  00000+0  00000+0 0  9993
2 44076   0.2086  94.7316 0003556 201.6102 297.9720  1.00271114 21297
ARABSAT-6A              
1 44186U 19021A   25001.55674398  .00000172  00000+0  00000+0 0  9999
2 44186   0.0342   0.3759 0005812 283.1865  48.7608  1.00262492 20828
BEIDOU-3 IGSO-1         
1 44204U 19023A   25001.73221046 -.00000194  00000+0  00000+0 0  9995
2 44204  57.9326  43.1506 0023865 223.2258 216.3788  1.00294796  1885
BEIDOU-2 G8             
1 44231U 19027A   25002.91815208 -.00000235  00000+0  00000+0 0  9995
2 44231   1.9743  74.8574 0004827 211.4619 291.3903  1.00265273 20768
YAMAL 601               
1 44307U 19031A   25003.11354644  .00000136  00000+0  00000+0 0  9998
2 44307   0.0178  66.5199 0002410 213.9831 272.3471  1.00272138 20592
AT&T T-16               
1 44333U 19034A   25001.08303191 -.00000094  00000+0  00000+0 0  9999
2 44333   0.0269  40.7684 0001444  93.8025 255.4256  1.00266312 20298
EUTELSAT 7C             
1 44334U 19034B   25002.38521439  .00000065  00000+0  00000+0 0  9998
2 44334   0.0700 190.2812 0003177  76.2496 341.4140  1.00270668  1516
BEIDOU-3 IGSO-2         
1 44337U 19035A   25002.90419613 -.00000090  00000+0  00000+0 0  9999
2 44337  55.1972 163.5165 0035729 196.9987 185.9400  1.00277074 20359
COSMOS 2539             
1 44457U 19048A   25002.10587463  .00000099  00000+0  00000+0 0  9995
2 44457   0.0373 101.6523 0001054 190.6166 219.8392  1.00272642 19903
EDRS-C                  
1 44475U 19049A   25002.62867685  .00000171  00000+0  00000+0 0  9991
2 44475   0.0727 242.7929 0000573  17.3350  99.8625  1.00271604 19898
INTELSAT 39 (IS-39)     
1 44476U 19049B   25003.00257547  .00000050  00000+0  00000+0 0  9991
2 44476   0.0231  39.3980 0000767 115.2933  11.0491  1.00269953 19808
AMOS-17                 
1 44479U 19050A   25002.94653948  .00000125  00000+0  00000+0 0  9996
2 44479   0.0122 340.1493 0001809 284.8237 195.6030  1.00271849 19872
AEHF-5 (USA 292)        
1 44481U 19051A   25002.33570350 -.00000212  00000+0  00000+0 0  9996
2 44481   2.3024 311.0880 0058405  10.6336 351.3050  1.00267011 19933
EUTELSAT 5 WEST B       
1 44624U 19067A   25002.29910709 -.00000025  00000+0  00000+0 0  9995
2 44624   0.0717 332.8618 0003143 309.2220 282.7889  1.00272015 19111
MEV-1                   
1 44625U 19067B   25002.16947118 -.00000185  00000+0  00000+0 0  9993
2 44625   0.0281  79.7676 0001585 245.7796 170.0143  1.00269751 19068
TJS-4                   
1 44637U 19070A   25002.20118917 -.00000153  00000+0  00000+0 0  9997
2 44637   0.0850 254.1753 0004154  83.0589 280.7948  1.00273709 19145
BEIDOU-3 IGSO-3         
1 44709U 19073A   25001.18884007 -.00000176  00000+0  00000+0 0  9991
2 44709  55.7130 286.6239 0041200 184.3977 175.6181  1.00296719 19126
TIBA-1                  
1 44800U 19080A   25002.96088711  .00000172  00000+0  00000+0 0  9991
2 44800   0.0523  15.8809 0002012 266.1449 202.2510  1.00271653 18743
INMARSAT GX5            
1 44801U 19080B   24365.95136461  .00000098  00000+0  00000+0 0  9995
2 44801   0.0492  43.0452 0002278 253.6361 156.6757  1.00273271  1457
JCSAT-18 (KACIFIC 1)    
1 44868U 19091A   25002.94979946 -.00000185  00000+0  00000+0 0  9999
2 44868   0.0334 206.5512 0000194  63.9759 324.2140  1.00270146 18776
ELEKTRO-L 3             
1 44903U 19095A   25002.42063016 -.00000080  00000+0  00000+0 0  9992
2 44903   0.0631 139.1959 0002033 151.8954  38.6706  1.00270706 18383
SHIJIAN-20 (SJ-20)      
1 44910U 19097A   25002.90395488 -.00000054  00000+0  00000+0 0  9997
2 44910   3.5553  81.5881 0007851 170.2590 249.3406  1.00271335 18376
TJS-5                   
1 44978U 20002A   25002.12464083 -.00000325  00000+0  00000+0 0  9992
2 44978   0.2921  91.6650 0006189 138.6549  24.0373  1.00269947 18371
GSAT-30                 
1 45026U 20005A   25002.90604763 -.00000150  00000+0  00000+0 0  9993
2 45026   0.0186  37.7318 0001200 187.1801 287.1342  1.00270207 18197
EUTELSAT KONNECT        
1 45027U 20005B   25002.38521439  .00000066  00000+0  00000+0 0  9999
2 45027   0.0654  88.7105 0000699 242.3757 277.0513  1.00271148 19007
JCSAT-17                
1 45245U 20013A   25001.84456475 -.00000295  00000+0  00000+0 0  9992
2 45245   5.4951 351.6978 0003685 300.2848 249.7929  1.00269401 17915
GEO-KOMPSAT-2B          
1 45246U 20013B   25003.04910495 -.00000328  00000+0  00000+0 0  9991
2 45246   0.0168 235.4781 0002234  38.7374 334.6340  1.00269549 17930
BEIDOU-3 G2             
1 45344U 20017A   25002.88150449 -.00000126  00000+0  00000+0 0  9996
2 45344   2.5964  36.3795 0004148 234.6502 229.0778  1.00270582 17941
AEHF-6 (USA 298)        
1 45465U 20022B   25002.84522362 -.00000279  00000+0  00000+0 0  9998
2 45465   3.7528 298.1886 0048923   5.6776 240.9190  1.00270685 17697
BEIDOU-3 G3             
1 45807U 20040A   25003.55290212 -.00000338  00000+0  00000+0 0  9999
2 45807   1.1802  58.6103 0003927 304.5880  49.7470  1.00265819 16774
APSTAR-6D               
1 45863U 20045A   25002.47839973 -.00000301  00000+0  00000+0 0  9999
2 45863   0.0499  92.1433 0002207 352.8744 323.6030  1.00268941 16539
KOREASAT 116            
1 45920U 20048A   25002.90971809 -.00000346  00000+0  00000+0 0  9998
2 45920   0.0243 303.0990 0000776 325.4639 277.8925  1.00267392 16329
EXPRESS 103             
1 45985U 20053A   25003.48028024 -.00000265  00000+0  00000+0 0  9991
2 45985   0.0155 328.7547 0000339 162.4261 241.5600  1.00271351 16338
EXPRESS 80              
1 45986U 20053B   25001.49634538 -.00000116  00000+0  00000+0 0  9999
2 45986   0.0217 340.7603 0001872 134.9310 244.3281  1.00270380 16301
BSAT-4B                 
1 46112U 20056A   25001.92551397 -.00000332  00000+0  00000+0 0  9993
2 46112   0.0543 125.0048 0001229  63.5604 356.2760  1.00271816 16064
MEV-2                   
1 46113U 20056B   25002.88927206  .00000005  00000+0  00000+0 0  9992
2 46113   0.0172  35.7605 0001111 291.5044  94.6584  1.00266835 16859
GALAXY 30 (G-30)        
1 46114U 20056C   25001.29259103  .00000057  00000+0  00000+0 0  9998
2 46114   0.0180  25.1155 0001852 253.8887 162.5193  1.00270787 15963
GAOFEN-13 01            
1 46610U 20071A   25002.41267966 -.00000346  00000+0  00000+0 0  9999
2 46610   0.1762  80.8374 0017244 120.1773 167.8180  1.00267098 15598
TIANTONG-1 2            
1 46916U 20082A   25003.56193818 -.00000339  00000+0  00000+0 0  9993
2 46916   1.8684 295.5931 0003947 354.7184 140.3570  1.00272503 15336
LUCAS (JDRS-1)          
1 47202U 20089A   25003.36924389 -.00000220  00000+0  00000+0 0  9991
2 47202   0.0279  81.8059 0003132 210.9967  34.1492  1.00269558 15082
SXM-7                   
1 47240U 20096A   24365.58554706 -.00000180  00000+0  00000+0 0  9992
2 47240   0.0214  92.6261 0004416  36.0024  96.4905  1.00271089  2106
CMS-01                  
1 47256U 20099A   25002.90604763 -.00000149  00000+0  00000+0 0  9991
2 47256   0.0254  87.0275 0008558 184.7132 240.2154  1.00270161 14885
TURKSAT 5A              
1 47306U 21001A   25002.43730024  .00000171  00000+0  00000+0 0  9993
2 47306   0.0268  77.2498 0000258  63.5075 149.9080  1.00270913 14645
TIANTONG-1 3            
1 47321U 21003A   25002.90604764 -.00000137  00000+0  00000+0 0  9998
2 47321   2.4921 316.4231 0005554 324.7964 229.2767  1.00272727 14649
TJS-6                   
1 47613U 21010A   25002.42466918  .00000060  00000+0  00000+0 0  9998
2 47613   0.0690 103.2727 0002705 160.0280 170.3587  1.00271918 14488
SBIRS GEO-5 (USA 315)   
1 48618U 21042A   25003.30327271  .00000135  00000+0  00000+0 0  9998
2 48618   5.8396 326.1746 0002393 309.0427 318.0448  1.00271487 13418
FENGYUN 4B              
1 48808U 21047A   25002.89981249 -.00000315  00000+0  00000+0 0  9999
2 48808   0.0407  58.9438 0011053  11.5958 100.8785  1.00275380 13253
SXM-8                   
1 48838U 21049A   25002.33799231 -.00000187  00000+0  00000+0 0  9998
2 48838   0.0212  45.7819 0004108   4.0245  88.9205  1.00269795 13274
TIANLIAN 1-05           
1 49011U 21063A   25002.17824612  .00000125  00000+0  00000+0 0  9993
2 49011   0.2267  73.6794 0004933 196.1798 273.1578  1.00271459 12746
STAR ONE D2             
1 49055U 21069A   24366.46768076 -.00000242  00000+0  00000+0 0  9993
2 49055   0.0175  24.7970 0002054 225.8371 308.0100  1.00267718 12564
EUTELSAT QUANTUM        
1 49056U 21069B   25003.54205233  .00000141  00000+0  00000+0 0  9990
2 49056   0.0161 342.5239 0002474 299.3056  64.4140  1.00269859 12612
ZHONGXING-2E            
1 49062U 21071A   25002.92628777 -.00000275  00000+0  00000+0 0  9992
2 49062   0.0377 107.6321 0001592 172.8197 253.8640  1.00269308 12721
TJS-7                   
1 49115U 21077A   25002.86972395 -.00000107  00000+0  00000+0 0  9992
2 49115   0.0166 330.8722 0001885 252.0717  93.4527  1.00271155  4248
CHINASAT 9B             
1 49125U 21080A   25002.89886955 -.00000296  00000+0  00000+0 0  9995
2 49125   0.0391 266.7638 0002978 348.0035 272.9762  1.00267776 12333
SHIJIAN-21 (SJ-21)      
1 49330U 21094A   25002.90837344 -.00000208  00000+0  00000+0 0  9991
2 49330  10.1857  43.7810 0076574  37.2637 137.9978  1.00262845 11940
SES-17                  
1 49332U 21095A   25002.16156505 -.00000254  00000+0  00000+0 0  9996
2 49332   0.0126  37.4948 0000853 243.5320 172.0746  1.00268915 12532
SYRACUSE 4A             
1 49333U 21095B   25002.89840997  .00000151  00000+0  00000+0 0  9997
2 49333   0.0181  35.6895 0001624 242.1919 193.8155  1.00266307 12674
QZS-1R                  
1 49336U 21096A   25001.56018315 -.00000247  00000+0  00000+0 0  9992
2 49336  36.3568  87.5340 0756729 271.6327  78.1181  1.00254664 11678
ZHONGXING-1D            
1 49505U 21114A   25002.30787950 -.00000319  00000+0  00000+0 0  9992
2 49505   0.0474 203.2268 0002450  37.6340 102.2938  1.00268192 11508
STPSAT-6                
1 49817U 21118A   25002.86729130 -.00000029  00000+0  00000+0 0  9997
2 49817   0.0032 121.0519 0002022 178.7294   3.4904  1.00270666 11245
LDPE-1                  
1 49818U 21118B   25002.87554494 -.00000166  00000+0  00000+0 0  9990
2 49818   2.8704  85.3341 0000545 280.7570 341.7079  0.99505968 11318
EXPRESS AMU-7           
1 50001U 21123A   25002.91823896 -.00000227  00000+0  00000+0 0  9990
2 50001   0.0166 335.8650 0000356 179.4177  63.0677  1.00271742 11220
EXPRESS AMU-3           
1 50002U 21123B   25001.43276677 -.00000301  00000+0  00000+0 0  9999
2 50002   0.0197 356.1567 0000436 178.1127 185.7311  1.00268929  1698
TIANLIAN 2-02           
1 50005U 21124A   25002.85191344  .00000002  00000+0  00000+0 0  9994
2 50005   0.1562 273.4586 0004294   8.1626 298.7488  1.00271192 11295
TURKSAT 5B              
1 50212U 21126A   25002.96652682  .00000162  00000+0  00000+0 0  9992
2 50212   0.0656 349.3457 0004880 317.9510 185.5046  1.00271220 10982
INMARSAT 6-F1           
1 50319U 21128A   25002.19127822 -.00000154  00000+0  00000+0 0  9992
2 50319   0.0140 323.9137 0000210 143.2797 147.4994  1.00269436 10931
SHIYAN 12 01 (SY-12 01) 
1 50321U 21129A   25002.93995052 -.00000301  00000+0  00000+0 0  9990
2 50321   2.3020  87.6417 0003318 249.8121 210.7284  1.00079976 11189
SHIYAN 12 02 (SY-12 02) 
1 50322U 21129B   25002.92798185  .00000141  00000+0  00000+0 0  9999
2 50322   2.3020  87.6590 0000662 221.7620 170.3859  1.00471222 11183
TJS-9                   
1 50574U 21135A   25002.91667510 -.00000284  00000+0  00000+0 0  9990
2 50574   0.0494 100.9320 0001311 159.8422 309.2157  1.00267200 11111
USA 324                 
1 51280U 22006A   24365.43046562 -.00000266  00000+0  00000+0 0  9999
2 51280   0.2125  85.3050 0002332 333.5343 332.6236  1.00331248 10775
USA 325                 
1 51281U 22006B   24365.32038769  .00000129  00000+0  00000+0 0  9995
2 51281   0.5563  86.7866 0001877 252.2319 254.3612  1.00163186  2041
GOES 18                 
1 51850U 22021A   24365.55041035  .00000121  00000+0  00000+0 0  9991
2 51850   0.0020 112.1925 0000260 233.0685 175.3592  1.00270599 10454
ZHONGXING-6D            
1 52255U 22038A   25002.36841478 -.00000337  00000+0  00000+0 0  9996
2 52255   0.0481 262.1371 0003289  16.1978  81.6251  1.00271765 10104
NILESAT 301             
1 52817U 22061A   25003.40848031 -.00000043  00000+0  00000+0 0  9998
2 52817   0.0439   8.9393 0005069 301.1771 293.2218  1.00269645  9417
CMS-02 (GSAT 24)        
1 52903U 22067A   25002.90604763 -.00000149  00000+0  00000+0 0  9993
2 52903   0.0438 252.4581 0004662  13.7107 245.8202  1.00270440  9291
MEASAT 3D               
1 52904U 22067B   25002.90049309 -.00000226  00000+0  00000+0 0  9999
2 52904   0.0328 331.1673 0003019 325.5257 221.7708  1.00271359  9331
SES-22                  
1 52933U 22071A   25002.37410470  .00000122  00000+0  00000+0 0  9992
2 52933   0.0199  63.7599 0002462 217.7010 176.4555  1.00271767  2202
WFOV (USA 332)          
1 52940U 22073A   25002.91170017 -.00000348  00000+0  00000+0 0  9993
2 52940   2.3423  85.5145 0001622 153.5650 311.1770  1.00267434  9051
TIANLIAN 2-03           
1 53100U 22078A   25002.68571927  .00000089  00000+0  00000+0 0  9997
2 53100   0.7132 279.2720 0003125   9.2502  71.4412  1.00273141  9234
SBIRS GEO-6 (USA 336)   
1 53355U 22092A   25002.84557115 -.00000273  00000+0  00000+0 0  9992
2 53355   4.2424 311.8876 0002254 324.2677 269.9797  1.00270993  8915
EUTELSAT KONNECT VHTS   
1 53765U 22110A   25001.85614306  .00000035  00000+0  00000+0 0  9999
2 53765   0.0559  92.0897 0002568 160.6595 159.9121  1.00267545  1497
ZHONGXING-1E            
1 53813U 22112A   25002.20118917 -.00000132  00000+0  00000+0 0  9991
2 53813   0.0461 107.2044 0004754 172.9831 335.7316  1.00271407  8527
SES-20                  
1 53960U 22123A   25002.37657223 -.00000083  00000+0  00000+0 0  9997
2 53960   0.0219  55.9730 0001190  27.5858  51.1649  1.00267221  8210
SES-21                  
1 53961U 22123B   25001.39146587  .00000089  00000+0  00000+0 0  9990
2 53961   0.0388  26.5427 0001073 253.9979 190.7303  1.00266532  1881
GALAXY 33 (G-33)        
1 54026U 22128A   25002.37887015  .00000096  00000+0  00000+0 0  9993
2 54026   0.0163  38.4638 0001589 233.1547 194.0338  1.00272007  8419
GALAXY 34 (G-34)        
1 54027U 22128B   25002.40939631  .00000076  00000+0  00000+0 0  9998
2 54027   0.0227  20.2357 0001421 260.1099 200.3871  1.00271472  8592
ANGOSAT 2               
1 54033U 22131A   25001.95144465  .00000153  00000+0  00000+0 0  9997
2 54033   0.0313 112.2873 0000616 179.0651 176.0086  1.00272460  8143
EUTELSAT HOTBIRD 13F    
1 54048U 22134A   25002.87827086  .00000103  00000+0  00000+0 0  9990
2 54048   0.0644 291.1966 0002299  72.8581  67.8643  1.00270578  8062
LDPE-2                  
1 54219U 22144A   25003.51538000 -.00000136  00000+0  00000+0 0  9995
2 54219   4.2948  64.7110 0000538 338.9068 158.4831  0.99895804  6482
EUTELSAT HOTBIRD 13G    
1 54225U 22146A   25002.87827086  .00000103  00000+0  00000+0 0  9990
2 54225   0.0548 235.1720 0001855 300.2099 256.5332  1.00270520  2149
ZHONGXING-19            
1 54230U 22148A   25002.46337775 -.00000063  00000+0  00000+0 0  9990
2 54230   0.0174  46.7640 0008528 207.0204 178.7668  1.00271851  8054
GALAXY 31 (G-31)        
1 54243U 22153A   25002.45618402  .00000030  00000+0  00000+0 0  9991
2 54243   0.0153  63.5719 0001327 226.9993 214.9972  1.00272008  7835
GALAXY 32 (G-32)        
1 54244U 22153B   25001.51361517 -.00000155  00000+0  00000+0 0  9999
2 54244   0.0099  37.8153 0002099 294.4117 223.0724  1.00274793  7813
EUTELSAT 10B            
1 54259U 22157A   25003.39148831  .00000084  00000+0  00000+0 0  9999
2 54259   0.0559  89.6144 0000891  26.0388 138.5502  1.00275874  7738
GALAXY 35 (G-35)        
1 54741U 22170A   25002.87102715 -.00000146  00000+0  00000+0 0  9993
2 54741   0.0125  75.6643 0001823 206.1111  41.4334  1.00272205  7575
GALAXY 36 (G-36)        
1 54742U 22170B   25002.37167204 -.00000168  00000+0  00000+0 0  9997
2 54742   0.0134  27.8279 0000984  19.3692  99.8633  1.00268011  7596
METEOSAT-12 (MTG-I1)    
1 54743U 22170C   25002.88944582  .00000009  00000+0  00000+0 0  9999
2 54743   0.6195  40.6399 0001302 231.8482 150.1429  1.00272347  7668
SHIJIAN-23 (SJ-23)      
1 55131U 23002A   25002.94133826 -.00000223  00000+0  00000+0 0  9993
2 55131   2.3491  85.1736 0002052 203.5310 294.7873  1.00437229  7194
APSTAR-6E               
1 55239U 23005A   24366.59507765 -.00000296  00000+0  00000+0 0  9995
2 55239   0.0499 221.0150 0003330  22.5572 205.1634  1.00269972 22990
USA 342                 
1 55263U 23008A   25001.95196458  .00000156  00000+0  00000+0 0  9999
2 55263   0.0058  61.3929 0000602 337.3204  69.7447  1.00268137  7200
LDPE-3A                 
1 55264U 23008B   25002.91754391 -.00000226  00000+0  00000+0 0  9992
2 55264   0.8496  87.6828 0002040 199.0720 287.6349  1.00437122  6504
ELEKTRO-L 4             
1 55506U 23016A   25002.25572274 -.00000041  00000+0  00000+0 0  9990
2 55506   0.0183 221.7535 0001148  53.5167  84.7168  1.00271889  6995
AMAZONAS NEXUS          
1 55508U 23017A   25001.52202223 -.00000263  00000+0  00000+0 0  9992
2 55508   0.0378  40.8085 0002726 277.8988 269.6272  1.00268504  1713
ZHONGXING-26            
1 55686U 23023A   25002.91633306 -.00000338  00000+0  00000+0 0  9993
2 55686   0.0766  77.4152 0001516 286.9545 193.4506  1.00269816  6916
LUCH-5X (OLYMP-K 2)     
1 55841U 23031A   25002.51368111  .00000006  00000+0  00000+0 0  9991
2 55841   0.0163  84.2338 0000539 261.7700 300.3575  1.00271327  6623
GAOFEN-13 02            
1 55912U 23036A   24366.88105007 -.00000198  00000+0  00000+0 0  9993
2 55912   1.6129 312.1471 0003529   3.6001 250.3287  1.00266928  6750
SES-18                  
1 55970U 23038A   25001.43985358 -.00000081  00000+0  00000+0 0  9993
2 55970   0.0446 265.2649 0002748  11.5176 239.7974  1.00270738  6777
SES-19                  
1 55971U 23038B   25003.06272609  .00000104  00000+0  00000+0 0  9998
2 55971   0.0108  36.6508 0001171 248.0504  65.9017  1.00270499  6779
INTELSAT 40E (IS-40E)   
1 56174U 23052A   25002.22828932 -.00000157  00000+0  00000+0 0  9992
2 56174   0.0204  76.6411 0001405 171.5344 205.1269  1.00271920  6510
VIASAT-3                
1 56370U 23060A   25002.33799231 -.00000168  00000+0  00000+0 0  9992
2 56370   0.0194  25.2548 0000403 323.5759 146.1365  1.00268035  6124
ARCTURUS                
1 56371U 23060B   25002.88909831 -.00000103  00000+0  00000+0 0  9991
2 56371   1.4037  86.5659 0003788 220.5068 113.7369  0.99685443  6135
GS-1                    
1 56372U 23060C   25002.83227841 -.00000033  00000+0  00000+0 0  9993
2 56372   1.3553  85.9732 0004082 248.9531 139.2000  1.00238463  6123
BEIDOU-3 G4             
1 56564U 23066A   25002.84974141 -.00000095  00000+0  00000+0 0  9993
2 56564   1.6273 289.3557 0003252 264.0845  15.1221  1.00269580  6073
ARABSAT-7B (BADR-8)     
1 56757U 23075A   25001.53698605  .00000163  00000+0  00000+0 0  9995
2 56757   0.0718  26.2784 0003885 306.1074 348.3377  1.00270730  5800
IRNSS-1J (NVS-01)       
1 56759U 23076A   25002.98661396 -.00000319  00000+0  00000+0 0  9999
2 56759   3.4864 261.5090 0006926  10.1979 315.8089  1.00266010  5883
NUSANTARA TIGA (SATRIA) 
1 57045U 23086A   25001.77514718 -.00000217  00000+0  00000+0 0  9997
2 57045   0.0251   5.8723 0005769 296.7777 224.0573  1.00269400  4434
H2SAT (HEINRICH HERTZ)  
1 57213U 23093A   25001.09424486  .00000109  00000+0  00000+0 0  9998
2 57213   0.0139  62.6840 0001846 287.8553 157.6286  1.00270406  5589
SYRACUSE 4B             
1 57214U 23093B   25002.88382505 -.00000038  00000+0  00000+0 0  9994
2 57214   0.0216  44.2849 0000227 328.8653  41.2703  1.00268896  1634
JUPITER 3 (ECHOSTAR 24) 
1 57479U 23108A   25001.98152737 -.00000131  00000+0  00000+0 0  9990
2 57479   0.0222  32.7726 0001247 231.2336  95.9796  1.00270039  5328
GALAXY 37 (G-37)        
1 57493U 23112A   25002.39275108  .00000065  00000+0  00000+0 0  9990
2 57493   0.0204  52.5688 0001898 234.0482 190.0496  1.00271968  5221
LUDI TANCE-4 01A        
1 57624U 23120A   25001.54958373 -.00000149  00000+0  00000+0 0  9997
2 57624  15.5389 206.9866 0005008  91.5523  90.1646  1.00264685  5218
TJS-10                  
1 58204U 23169A   25002.90806541  .00000021  00000+0  00000+0 0  9993
2 58204   1.1714  86.9121 0005995 181.5585 334.7432  1.00270405  4226
ZHONGXING-6E            
1 58253U 23172A   25002.90913752 -.00000345  00000+0  00000+0 0  9994
2 58253   0.0435  84.3304 0002841 198.3897 262.8750  1.00270455  4333
YAOGAN-41               
1 58582U 23197A   25003.56204527 -.00000345  00000+0  00000+0 0  9992
2 58582   4.1754 308.1741 0011061 184.7992 295.9308  1.00265972  4006
OVZON-3                 
1 58698U 24003A   25003.00257547  .00000068  00000+0  00000+0 0  9997
2 58698   0.0124  43.8347 0001269 203.0629 276.6030  1.00269497  3919
INSAT-3DS               
1 58990U 24033A   25002.90604763 -.00000140  00000+0  00000+0 0  9991
2 58990   0.0553  93.8086 0001381 185.2078 232.0432  1.00271188 41755
MERAH PUTIH 2           
1 58995U 24035A   25002.90641477 -.00000342  00000+0  00000+0 0  9995
2 58995   0.0112  49.5632 0000913 198.0660 294.4121  1.00269918  3275
TJS-11                  
1 59020U 24037A   25002.92481049 -.00000349  00000+0  00000+0 0  9993
2 59020   4.9910 322.2283 0004762 340.4955 253.2487  1.00276623  3261
HULIANWAN GAOGUI-01 (H*)
1 59069U 24040A   25002.89622251  .00000172  00000+0  00000+0 0  9991
2 59069   0.0395  45.0855 0009133 280.4929 133.5803  1.00272248  3254
EUTELSAT 36D            
1 59346U 24059A   25002.96199792  .00000172  00000+0  00000+0 0  9996
2 59346   0.0185 358.1247 0000257  58.9998  67.8503  1.00270640  2837
PAKSAT-MM1              
1 59915U 24104A   25002.86021483  .00000170  00000+0  00000+0 0  9997
2 59915   0.0301 100.5135 0002189 194.5175 155.5616  1.00271212  2212
GOES 19                 
1 60133U 24119A   25002.28174328 -.00000165  00000+0  00000+0 0  9995
2 60133   0.0216 201.4821 0001343 127.2316 145.4455  1.00270448  1640
ZHONGXING-3A            
1 60179U 24122A   25002.26634301 -.00000297  00000+0  00000+0 0  9995
2 60179   0.0602  94.3702 0001840 169.0861  36.1954  1.00271990  1987
TURKSAT 6A              
1 60233U 24127A   25002.42618731  .00000163  00000+0  00000+0 0  9999
2 60233   0.0180 240.3205 0003907  21.3782  36.1512  1.00269829  1694
HULIANWAN GAOGUI-02 (H*)
1 60327U 24135A   25002.99121862 -.00000158  00000+0  00000+0 0  9993
2 60327   0.0042 135.9283 0003480 111.3787   5.4927  1.00269723  1705