AO-91
1 43017U 17073E   17323.93984272 +.00005470 +00000-0 +44325-3 0  9998
2 43017 097.6865 259.0222 0257991 232.5319 125.2171 14.77575773000233
AO-91
1 43017U 17073E   17331.18488685  .00000609  00000-0  53880-4 0  9999
2 43017  97.6912 265.9594 0259961 208.8756 149.7861 14.77776682  1270
AO-91
1 43017U 17073E   17334.36737530  .00000619  00000-0  54548-4 0  9991
2 43017  97.6916 269.0016 0260197 198.4864 160.6759 14.77781674  1742
AO-91
1 43017U 17073E   17341.34175393  .00000444  00000-0  40460-4 0  9994
2 43017 097.6928 275.6688 0260776 175.7619 184.5890 14.77789342002777
AO-91
1 43017U 17073E   17348.38379997  .00000473  00000-0  42465-4 0  9990
2 43017 097.6935 282.4015 0261312 152.8745 208.6402 14.77797456003816
AO-91
1 43017U 17073E   17355.29034456  .00000494  00000-0  43924-4 0  9990
2 43017  97.6946 289.0048 0261752 130.4740 231.9611 14.77805186  4836
AO-91
1 43017U 17073E   17362.80616727  .00000554  00000-0  48487-4 0  9998
2 43017  97.6952 296.1912 0262031 106.1266 256.8958 14.77814849  5945
AO-91
1 43017U 17073E   18004.50934508  .00000557  00000-0  48727-4 0  9999
2 43017  97.6961 302.6011 0262055  84.4275 278.6759 14.77823083  6933
AO-91
1 43017U 17073E   18012.76966464  .00000854  00000-0  72046-4 0  9993
2 43017 097.6968 310.5010 0261809 057.6788 304.9487 14.77835577008152

AO-91
1 43017U 17073E   18025.36293553  .00001055  00000-0  88225-4 0  9995
2 43017 097.6982 322.5474 0261005 016.8317 344.1353 14.77860204010019
AO-91
1 43017U 17073E   18032.81041506  .00000949  00000-0  80281-4 0  9997
2 43017  97.6990 329.6730 0260387 352.6153   7.1253 14.77875809 11116
AO-91
1 43017U 17073E   18039.78390788  .00000974  00000-0  82601-4 0  9995
2 43017 097.6994 336.3465 0259794 329.8877 028.7610 14.77889505012147
AO-91
1 43017U 17073E   18046.41886108  .00001078  00000-0  91017-4 0  9996
2 43017  97.7001 342.6967 0259304 308.2235  49.5885 14.77902746 13127
AO-91
1 43017U 17073E   18053.32462917  .00000646  00000-0  57102-4 0  9999
2 43017 097.7005 349.3066 0258924 285.6275 071.6503 14.77914386014143
AO-91
1 43017U 17073E   18060.36583292  .00000476  00000-0  43709-4 0  9990
2 43017  97.7012 356.0473 0258813 262.5737  94.6001 14.77924301 15183
AO-91
1 43017U 17073E   18067.33938170  .00000345  00000-0  33293-4 0  9995
2 43017 097.7015 002.7234 0258954 239.7451 117.7900 14.77931384016210
AO-91
1 43017U 17073E   18074.78691383  .00000432  00000-0  39942-4 0  9998
2 43017  97.7023   9.8538 0259332 215.4033 142.9723 14.77938675 17317
AO-91
1 43017U 17073E   18081.35429848  .00000546  00000-0  48644-4 0  9999
2 43017 097.7025 016.1416 0259820 193.9665 165.4267 14.77947221018285
AO-91
1 43017U 17073E   18088.80182854  .00000442  00000-0  40126-4 0  9991
2 43017  97.7033  23.2724 0260397 169.7214 190.9471 14.77955450 19382
AO-91
1 43017U 17073E   18095.36915245  .00000448  00000-0  40423-4 0  9994
2 43017 097.7036 029.5606 0260850 148.3801 213.3385 14.77961399020354
AO-91
1 43017U 17073E   18102.54573364  .00000654  00000-0  56240-4 0  9998
2 43017 097.7042 036.4323 0261307 125.1046 237.4966 14.77969619021419
AO-91
1 43017U 17073E   18109.51908586  .00000609  00000-0  52668-4 0  9990
2 43017 097.7046 043.1099 0261547 102.5171 260.5431 14.77978614022445
AO-91
1 43017U 17073E   18116.76309757  .00000811  00000-0  68367-4 0  9998
2 43017  97.7052  50.0470 0261565  79.0712 283.9808 14.77992559 23511
AO-91
1 43017U 17073E   18123.60076464  .00000828  00000-0  69787-4 0  9990
2 43017 097.7057 056.5958 0261376 056.9426 305.6597 14.78003802024528
AO-91
1 43017U 17073E   18130.50599992  .00001220  00000-0  10054-3 0  9992
2 43017 097.7060 063.2099 0260966 034.5672 327.2200 14.78020615025547
AO-91
1 43017U 17073E   18137.34340044  .00001155  00000-0  95847-4 0  9994
2 43017 097.7066 069.7601 0260369 012.3798 348.3647 14.78040023026559
AO-91
1 43017U 17073E   18144.51919268  .00000750  00000-0  64591-4 0  9993
2 43017 097.7068 076.6354 0259690 349.0354 010.5261 14.78053366027618
AO-91
1 43017U 17073E   18151.35646339  .00000634  00000-0  55784-4 0  9994
2 43017 097.7072 083.1873 0259056 326.7361 031.7793 14.78064348028627
AO-91
1 43017U 17073E   18158.73528829  .00000545  00000-0  48974-4 0  9990
2 43017  97.7072  90.2587 0258518 302.6148  55.0348 14.78076787 29712
AO-91
1 43017U 17073E   18165.36948666  .00000298  00000-0  29631-4 0  9996
2 43017  97.7074  96.6171 0258271 280.8940  76.3310 14.78083345 30698
AO-91
1 43017U 17073E   18172.61300693  .00000319  00000-0  31251-4 0  9999
2 43017 097.7074 103.5598 0258240 257.1729 100.0518 14.78089459031763
AO-91
1 43017U 17073E   18179.45040404  .00000336  00000-0  32427-4 0  9994
2 43017 097.7077 110.1132 0258443 234.7953 122.8815 14.78095857032772
AO-91
1 43017U 17073E   18186.35554667  .00000189  00000-0  20741-4 0  9994
2 43017 097.7077 116.7317 0258862 212.2248 146.2921 14.78099782033794
AO-91
1 43017U 17073E   18193.73460453  .00000211  00000-0  22257-4 0  9993
2 43017  97.7074 123.8040 0259411 188.1510 171.5449 14.78104040 34888
AO-91
1 43017U 17073E   18199.35351788  .00000304  00000-0  29349-4 0  9999
2 43017  97.7073 129.1894 0259859 169.8592 190.8010 14.78107995 35718
AO-91
1 43017U 17073E   18206.80022648  .00000326  00000-0  30788-4 0  9991
2 43017 097.7074 136.3258 0260416 145.6607 216.1750 14.78113694036811
AO-91
1 43017U 17073E   18214.04376329  .00000308  00000-0  29257-4 0  9993
2 43017  97.7072 143.2671 0260858 122.1737 240.5065 14.78118302 37888
AO-91
1 43017U 17073E   18221.76105497  .00000448  00000-0  40056-4 0  9991
2 43017  97.7072 150.6623 0261086  97.1801 265.9170 14.78125240 39029
AO-91
1 43017U 17073E   18228.59818160  .00000683  00000-0  58290-4 0  9997
2 43017 097.7071 157.2142 0261101 075.0473 287.9486 14.78133866040035
AO-91
1 43017U 17073E   18235.77364215  .00000716  00000-0  61023-4 0  9997
2 43017  97.7073 164.0904 0260844  51.8117 310.6278 14.78145730 41092
AO-91
1 43017U 17073E   18242.54281342  .00001081  00000-0  89588-4 0  9991
2 43017 097.7075 170.5779 0260395 029.8709 331.7078 14.78163077042096
AO-91
1 43017U 17073E   18242.54281342  .00001081  00000-0  89588-4 0  9991
2 43017 097.7075 170.5779 0260395 029.8709 331.7078 14.78163077042096
AO-91
1 43017U 17073E   18256.75777069  .00000974  00000-0  82009-4 0  9996
2 43017  97.7080 184.2037 0259132 343.6510  15.6455 14.78190965 44191
AO-91
1 43017U 17073E   18262.78213280  .00000744  00000-0  64288-4 0  9990
2 43017  97.7083 189.9792 0258614 323.9985  34.4042 14.78203074 45081
AO-91
1 43017U 17073E   18270.02489908  .00000736  00000-0  63890-4 0  9997
2 43017  97.7088 196.9238 0258115 300.3201  57.2706 14.78215470 46157
AO-91
1 43017U 17073E   18277.60613641  .00000499  00000-0  45339-4 0  9995
2 43017  97.7096 204.1936 0257818 275.4985  81.6872 14.78225457 47278
AO-91
1 43017U 17073E   18284.37514118  .00000653  00000-0  57395-4 0  9993
2 43017  97.7102 210.6855 0257813 253.3296 103.9472 14.78235201 48276
AO-91
1 43017U 17073E   18290.80572896  .00000454  00000-0  41659-4 0  9990
2 43017  97.7107 216.8532 0257985 232.2785 125.4793 14.78243149 49221
AO-91
1 43017U 17073E   18297.50711413  .00000337  00000-0  32237-4 0  9996
2 43017 097.7116 223.2808 0258371 210.3740 148.2287 14.78248623050211
AO-91
1 43017U 17073E   18305.35926489  .00000281  00000-0  27587-4 0  9990
2 43017  97.7125 230.8128 0259001 184.7590 175.1157 14.78254544 51370
AO-91
1 43017U 17073E   18312.80524863  .00000443  00000-0  39990-4 0  9999
2 43017  97.7134 237.9555 0259595 160.5309 200.6045 14.78261610 52474
AO-91
1 43017U 17073E   18319.50657027  .00000445  00000-0  39939-4 0  9997
2 43017  97.7141 244.3843 0260066 138.7756 223.3420 14.78269068 53466
AO-91
1 43017U 17073E   18326.20780876  .00000516  00000-0  45269-4 0  9993
2 43017  97.7150 250.8132 0260377 117.0526 245.7514 14.78275341 54452
AO-91
1 43017U 17073E   18333.04431963  .00000487  00000-0  43024-4 0  9997
2 43017  97.7158 257.3725 0260524  94.9142 268.1864 14.78281943 55465
AO-91
1 43017U 17073E   18340.08377252  .00000559  00000-0  48664-4 0  9994
2 43017  97.7167 264.1272 0260441  72.1234 290.8196 14.78290045 56505
AO-91
1 43017U 17073E   18346.78466940  .00000745  00000-0  63169-4 0  9994
2 43017  97.7175 270.5579 0260173  50.4117 311.9758 14.78300988 57492
AO-91
1 43017U 17073E   18354.50072079  .00000877  00000-0  73721-4 0  9990
2 43017 097.7182 277.9639 0259701 025.3795 335.9911 14.78314340058637
AO-91
1 43017U 17073E   18361.53982659  .00000834  00000-0  70651-4 0  9997
2 43017 097.7189 284.7212 0259157 002.5007 357.7432 14.78326617059670
AO-91
1 43017U 17073E   19002.76666852  .00000851  00000-0  72269-4 0  9995
2 43017  97.7193 290.6998 0258627 342.2262  17.0026 14.78339494 60595
AO-91
1 43017U 17073E   19010.75322785  .00000738  00000-0  63733-4 0  9997
2 43017  97.7200 298.3689 0258001 316.1674  41.9314 14.78354190 61776
AO-91
1 43017U 17073E   19017.79223606  .00000457  00000-0  41917-4 0  9998
2 43017  97.7203 305.1289 0257597 293.1552  64.2709 14.78362460 62811
AO-91
1 43017U 17073E   19024.49286852  .00000516  00000-0  46605-4 0  9990
2 43017  97.7207 311.5644 0257384 271.2203  85.9536 14.78370249 63807
AO-91
1 43017U 17073E   19031.73501861  .00000371  00000-0  35165-4 0  9993
2 43017  97.7210 318.5204 0257419 247.5050 109.8726 14.78377318 64874
AO-91
1 43017U 17073E   19038.36806113  .00000356  00000-0  33818-4 0  9993
2 43017  97.7215 324.8915 0257659 225.7979 132.1810 14.78384264 65852
AO-91
1 43017U 17073E   19045.74566754  .00000346  00000-0  32796-4 0  9990
2 43017  97.7214 331.9777 0258148 201.6971 157.3147 14.78390270 66942
AO-91
1 43017U 17073E   19052.78486339  .00000307  00000-0  29506-4 0  9994
2 43017  97.7218 338.7385 0258712 178.7524 181.4391 14.78395000 67981
AO-91
1 43017U 17073E   19059.35024549  .00000387  00000-0  35505-4 0  9999
2 43017  97.7217 345.0440 0259239 157.4026 203.8851 14.78400011 68956
AO-91
1 43017U 17073E   19066.79545450  .00000415  00000-0  37521-4 0  9996
2 43017  97.7221 352.1944 0259717 133.2353 229.0864 14.78406764 70054
AO-91
1 43017U 17073E   19073.49604961  .00000430  00000-0  38578-4 0  9994
2 43017  97.7219 358.6294 0260022 111.5201 251.3944 14.78412963 71047
AO-91
1 43017U 17073E   19079.72276693  .00000602  00000-0  51771-4 0  9994
2 43017 097.7222 004.6094 0260123 091.3581 271.7442 14.78420979071961
AO-91
1 43017U 17073E   19087.77673870  .00000819  00000-0  68669-4 0  9990
2 43017  97.7222  12.3444 0259988  65.2832 297.5202 14.78432515 73154
AO-91
1 43017U 17073E   19087.77673870  .00000819  00000-0  68669-4 0  9990
2 43017  97.7222  12.3444 0259988  65.2832 297.5202 14.78432515 73154
AO-91
1 43017U 17073E   19101.78617673  .00001457  00000-0  11854-3 0  9999
2 43017  97.7227  25.8007 0259149  19.8565 341.2511 14.78465232 75222
AO-91
1 43017U 17073E   19108.75686806  .00000952  00000-0  79814-4 0  9997
2 43017  97.7230  32.4973 0258504 357.1966   2.7781 14.78482151 76250
AO-91
1 43017U 17073E   19115.72749686  .00000817  00000-0  69640-4 0  9994
2 43017  97.7230  39.1946 0257861 334.4768  24.3891 14.78494997 77284
AO-91
1 43017U 17073E   19122.35972971  .00000650  00000-0  56795-4 0  9998
2 43017  97.7234  45.5673 0257334 312.8196  45.1638 14.78504428 78266
AO-91
1 43017U 17073E   19129.05965227  .00000430  00000-0  39766-4 0  9993
2 43017  97.7234  52.0056 0256952 290.8909  66.4968 14.78512508 79256
AO-91
1 43017U 17073E   19135.28587143  .00000610  00000-0  53887-4 0  9992
2 43017  97.7236  57.9891 0256801 270.4981  86.6813 14.78521845 80176
AO-91
1 43017U 17073E   19143.74547048  .00000214  00000-0  22773-4 0  9992
2 43017  97.7236  66.1191 0256930 242.7914 114.6904 14.78528621 81423
AO-91
1 43017U 17073E   19150.78392251  .00000225  00000-0  23505-4 0  9994
2 43017  97.7237  72.8833 0257265 219.7644 138.4463 14.78532956 82462
AO-91
1 43017U 17073E   19156.73956763  .00000232  00000-0  23864-4 0  9995
2 43017 097.7237 078.6068 0257685 200.3150 158.7664 14.78536627083345
AO-91
1 43017U 17073E   19164.72555590  .00000235  00000-0  23853-4 0  9997
2 43017  97.7237  86.2811 0258323 174.2847 186.1416 14.78541632 84521
AO-91
1 43017U 17073E   19171.29028460  .00000197  00000-0  20740-4 0  9997
2 43017  97.7235  92.5893 0258832 152.9357 208.5627 14.78545127 85496
AO-91
1 43017U 17073E   19178.32869813  .00000239  00000-0  23772-4 0  9998
2 43017  97.7233  99.3521 0259300 130.0930 232.3328 14.78548936 86532
AO-91
1 43017U 17073E   19185.77307467  .00000395  00000-0  35755-4 0  9994
2 43017  97.7230 106.5048 0259630 105.9615 257.0365 14.78554568 87636
AO-91
1 43017U 17073E   19190.71336319  .00000471  00000-0  41565-4 0  9993
2 43017 097.7227 111.2513 0259708 089.9627 273.1341 14.78559314088360
AO-91
1 43017U 17073E   19199.30796196  .00000494  00000-0  43466-4 0  9997
2 43017  97.7225 119.5088 0259591  62.1410 300.5841 14.78569687 89634
AO-91
1 43017U 17073E   19206.21059055  .00000491  00000-0  43428-4 0  9997
2 43017  97.7221 126.1405 0259252  39.7693 322.2208 14.78576808 90659
AO-91
1 43017U 17073E   19213.04546215  .00000463  00000-0  41450-4 0  9997
2 43017  97.7218 132.7074 0258734  17.5911 343.4056 14.78583995 91664
AO-91
1 43017U 17073E   19219.74493040  .00000615  00000-0  53561-4 0  9992
2 43017  97.7214 139.1447 0258128 355.8035   4.1010 14.78593198 92654
AO-91
1 43017U 17073E   19227.05340378  .00000375  00000-0  35121-4 0  9995
2 43017  97.7212 146.1672 0257459 331.9731  26.7813 14.78601225 93736
AO-91
1 43017U 17073E   19233.75284461  .00000294  00000-0  29031-4 0  9992
2 43017 097.7207 152.6045 0256954 310.0806 047.8126 14.78606779094726
AO-91
1 43017U 17073E   19240.99369516  .00000267  00000-0  27038-4 0  9996
2 43017  97.7205 159.5623 0256610 286.3761  70.9381 14.78611929 95797
AO-91
1 43017U 17073E   19240.99369516  .00000267  00000-0  27038-4 0  9996
2 43017  97.7205 159.5623 0256610 286.3761  70.9381 14.78611929 95797
AO-91
1 43017U 17073E   19255.74626296  .00000213  00000-0  22671-4 0  9995
2 43017  97.7200 173.7381 0256665 238.0517 119.5508 14.78624532 97971
AO-91
1 43017U 17073E   19262.03986663  .00000217  00000-0  22793-4 0  9991
2 43017  97.7201 179.7854 0257005 217.4604 140.8454 14.78628274 98908
AO-91
1 43017U 17073E   19268.73954203  .00000244  00000-0  24732-4 0  9994
2 43017  97.7202 186.2227 0257487 195.5801 163.7380 14.78632346 99891
AO-91
1 43017U 17073E   19276.31897141  .00000425  00000-0  38538-4 0  9994
2 43017  97.7203 193.5051 0258094 170.8809 189.7226 14.78639424101016
AO-91
1 43017U 17073E   19283.35696703  .00000309  00000-0  29340-4 0  9999
2 43017  97.7205 200.2670 0258617 148.0013 213.7203 14.78644981102058
AO-91
1 43017U 17073E   19289.98885467  .00000347  00000-0  32089-4 0  9997
2 43017  97.7208 206.6384 0259015 126.4822 236.0558 14.78650603103032
AO-91
1 43017U 17073E   19297.29735894  .00000506  00000-0  44283-4 0  9994
2 43017  97.7212 213.6602 0259263 102.8011 260.2304 14.78657994104119
AO-91
1 43017U 17073E   19304.33504331  .00000785  00000-0  65696-4 0  9998
2 43017  97.7217 220.4220 0259279  80.0029 283.0334 14.78669823105154
AO-91
1 43017U 17073E   19311.30492195  .00000767  00000-0  64472-4 0  9998
2 43017  97.7221 227.1193 0259055  57.4204 305.1738 14.78680335106186
AO-91
1 43017U 17073E   19318.81601853  .00000881  00000-0  73536-4 0  9992
2 43017  97.7229 234.3376 0258650  33.0554 328.6529 14.78692459107296
AO-91
1 43017U 17073E   19325.71800394  .00000971  00000-0  80751-4 0  9997
2 43017  97.7235 240.9715 0258126  10.6277 350.0245 14.78704790108314
AO-91
1 43017U 17073E   19332.75524063  .00000878  00000-0  73879-4 0  9994
2 43017  97.7243 247.7366 0257539 347.7209  11.7801 14.78719261109359
AO-91
1 43017U 17073E   19339.31877638  .00000651  00000-0  56589-4 0  9990
2 43017  97.7246 254.0471 0257005 326.3094  32.2004 14.78729591110322
AO-91
1 43017U 17073E   19346.01764095  .00000637  00000-0  55629-4 0  9995
2 43017  97.7252 260.4885 0256545 304.4166  53.3032 14.78739176111319
AO-91
1 43017U 17073E   19353.32551738  .00000549  00000-0  48905-4 0  9996
2 43017  97.7257 267.5162 0256223 280.4941  76.7497 14.78748836112393
AO-91
1 43017U 17073E   20002.73842893  .00000257  00000-0  25991-4 0  9995
2 43017  97.7265 281.3779 0256318 233.2837 124.4585 14.78761575114526
AO-91
1 43017U 17073E   20009.23446049  .00000303  00000-0  29442-4 0  9997
2 43017  97.7268 287.6257 0256689 212.0357 146.5032 14.78766625115481
AO-91
1 43017U 17073E   20016.74551864  .00000198  00000-0  21019-4 0  9997
2 43017  97.7270 294.8494 0257271 187.5171 172.2154 14.78772286116599
AO-91
1 43017U 17073E   20023.57989990  .00000230  00000-0  23297-4 0  9998
2 43017 097.7271 301.4223 0257822 165.2614 195.6301 14.78775963117603
AO-91
1 43017U 17073E   20030.27890736  .00000278  00000-0  26851-4 0  9993
2 43017 097.7271 307.8645 0258319 143.4962 218.4173 14.78780389118595
AO-91
1 43017U 17073E   20037.31616900  .00000342  00000-0  31593-4 0  9995
2 43017  97.7269 314.6316 0258697 120.6683 242.0302 14.78786250119635
AO-91
1 43017U 17073E   20044.48865141  .00000365  00000-0  33353-4 0  9995
2 43017 097.7268 321.5282 0258872 097.4271 265.6433 14.78792807120691
AO-91
1 43017U 17073E   20051.72867376  .00000663  00000-0  56235-4 0  9997
2 43017  97.7267 328.4898 0258818  73.9708 288.9842 14.78801310121764
AO-91
1 43017U 17073E   20058.83323903  .00000564  00000-0  48801-4 0  9999
2 43017 097.7265 335.3212 0258556 050.9448 311.4464 14.78810320122814
AO-91
1 43017U 17073E   20065.32874204  .00000781  00000-0  65719-4 0  9994
2 43017  97.7262 341.5669 0258169  29.8714 331.6950 14.78820623123774
AO-91
1 43017U 17073E   20071.95948690  .00000769  00000-0  65067-4 0  9993
2 43017 097.7262 347.9429 0257658 008.3214 352.2147 14.78830939124754
AO-91
1 43017U 17073E   20079.19911105  .00000844  00000-0  71165-4 0  9998
2 43017  97.7259 354.9047 0257029 344.7472  14.6091 14.78843465125823
AO-91
1 43017U 17073E   20086.70933215  .00000669  00000-0  57955-4 0  9995
2 43017 097.7257 002.1272 0256403 320.2309 038.0349 14.78856455126938
AO-91
1 43017U 17073E   20093.20465686  .00000555  00000-0  49216-4 0  9995
2 43017 097.7253 008.3738 0255963 298.9792 058.5979 14.78865874127893
AO-91
1 43017U 17073E   20100.51192522  .00000465  00000-0  42320-4 0  9993
2 43017 097.7253 015.4012 0255693 275.0412 082.1662 14.78875424128976
AO-91
1 43017U 17073E   20107.75158685  .00000337  00000-0  32311-4 0  9995
2 43017  97.7249  22.3636 0255713 251.3132 106.0167 14.78882447130049
AO-91
1 43017U 17073E   20114.31469549  .00000352  00000-0  33303-4 0  9998
2 43017  97.7251  28.6753 0255947 229.8195 128.0359 14.78888204131011
AO-91
1 43017U 17073E   20121.01316340  .00000291  00000-0  28440-4 0  9991
2 43017 097.7246 035.1168 0256363 207.9110 150.8154 14.78893515132002
AO-91
1 43017U 17073E   20121.01316340  .00000291  00000-0  28440-4 0  9991
2 43017 097.7246 035.1168 0256363 207.9110 150.8154 14.78893515132002
AO-91
1 43017U 17073E   20135.69568471  .00000244  00000-0  24262-4 0  9990
2 43017 097.7243 049.2347 0257523 160.0483 201.1027 14.78903389134175
AO-91
1 43017U 17073E   20142.73240864  .00000287  00000-0  27428-4 0  9990
2 43017  97.7243  56.0003 0257990 137.1816 224.9811 14.78907917135214
AO-91
1 43017U 17073E   20149.22776872  .00000364  00000-0  33253-4 0  9993
2 43017 097.7239 062.2449 0258343 116.1084 246.6957 14.78913347136171
AO-91
1 43017U 17073E   20156.73790725  .00000534  00000-0  46219-4 0  9995
2 43017  97.7238  69.4648 0258550  91.7724 271.3118 14.78921948137282
AO-91
1 43017U 17073E   20163.30070025  .00000660  00000-0  55894-4 0  9999
2 43017 097.7234 075.7740 0258490 070.5118 292.3821 14.78930970138253
AO-91
1 43017U 17073E   20170.81056820  .00000535  00000-0  46483-4 0  9995
2 43017 097.7233 082.9936 0258190 046.1787 316.0457 14.78940141139360
AO-91
1 43017U 17073E   20177.57611675  .00000523  00000-0  45817-4 0  9997
2 43017 097.7228 089.4980 0257710 024.2251 337.0828 14.78948249140369
AO-91
1 43017U 17073E   20184.74752470  .00000496  00000-0  44028-4 0  9995
2 43017  97.7224  96.3927 0257072   0.9041 359.2583 14.78956825141423
AO-91
1 43017U 17073E   20191.31000233  .00000427  00000-0  38964-4 0  9995
2 43017  97.7219 102.7021 0256459 339.5083  19.5983 14.78964207142399
AO-91
1 43017U 17073E   20198.54902017  .00000335  00000-0  32010-4 0  9992
2 43017 097.7215 109.6621 0255870 315.8480 042.2557 14.78970713143469
AO-91
1 43017U 17073E   20205.58510516  .00000254  00000-0  25825-4 0  9990
2 43017 097.7208 116.4271 0255496 292.8077 064.6331 14.78976100144508
AO-91
1 43017U 17073E   20212.48593344  .00000223  00000-0  23448-4 0  9992
2 43017  97.7203 123.0614 0255312 270.1866  87.0095 14.78980933145528
AO-91
1 43017U 17073E   20219.31916786  .00000275  00000-0  27386-4 0  9992
2 43017  97.7194 129.6304 0255400 247.7864 109.6076 14.78985881146530
AO-91
1 43017U 17073E   20226.01714584  .00000191  00000-0  20783-4 0  9990
2 43017  97.7190 136.0689 0255682 225.8457 132.1482 14.78989907147526
AO-91
1 43017U 17073E   20233.73002248  .00000190  00000-0  20476-4 0  9992
2 43017  97.7181 143.4822 0256198 200.6259 158.4464 14.78993852148662
AO-91
1 43017U 17073E   20240.29275061  .00000237  00000-0  23922-4 0  9997
2 43017  97.7175 149.7892 0256714 179.2158 180.9509 14.78997435149633
AO-91
1 43017U 17073E   20247.73499210  .00000350  00000-0  32361-4 0  9990
2 43017  97.7169 156.9406 0257285 154.9851 206.4090 14.79003712150730
AO-91
1 43017U 17073E   20254.16232181  .00000307  00000-0  28857-4 0  9994
2 43017 097.7163 163.1157 0257737 134.1057 228.1682 14.79008973151684
AO-91
1 43017U 17073E   20261.80736220  .00000354  00000-0  32354-4 0  9995
2 43017 097.7158 170.4604 0258075 109.3004 253.6311 14.79014834152819
AO-91
1 43017U 17073E   20268.50511995  .00000681  00000-0  57416-4 0  9998
2 43017 097.7154 176.8946 0258165 087.5884 275.4856 14.79022571153800
AO-91
1 43017U 17073E   20275.40570511  .00001059  00000-0  86424-4 0  9995
2 43017 097.7151 183.5234 0258055 065.2232 297.5592 14.79037128154829
AO-91
1 43017U 17073E   20282.71205298  .00000910  00000-0  75194-4 0  9991
2 43017  97.7149 190.5420 0257693  41.5238 320.5236 14.79051409155901
AO-91
1 43017U 17073E   20289.27412863  .00000890  00000-0  73966-4 0  9999
2 43017 097.7150 196.8463 0257222 020.2099 340.9073 14.79063021156871
AO-91
1 43017U 17073E   20296.58026312  .00001353  00000-0  10992-3 0  9995
2 43017 097.7149 203.8659 0256594 356.4313 003.5060 14.79080305157951
AO-91
1 43017U 17073E   20303.75101008  .00001410  00000-0  11472-3 0  9997
2 43017  97.7152 210.7560 0255971 333.0346  25.7751 14.79100807159010
AO-91
1 43017U 17073E   20310.71874717  .00001111  00000-0  91979-4 0  9994
2 43017 097.7152 217.4516 0255388 310.2562 047.6562 14.79120250160046
AO-91
1 43017U 17073E   20317.28057519  .00001094  00000 0  90770-4 0  9993
2 43017  97.7155 223.7579 0255011 288.7631  68.6070 14.79136881161019
AO-91
1 43017U 17073E   20324.31594093  .00000890  00000-0  74992-4 0  9990
2 43017  97.7159 230.5198 0254812 265.6977  91.5083 14.79151937162054
AO-91
1 43017U 17073E   20331.68955812  .00001188  00000-0  97935-4 0  9991
2 43017  97.7160 237.6071 0254869 241.5224 116.0104 14.79170585163142
AO-91
1 43017U 17073E   20338.18373858  .00001223  00000-0  10036-3 0  9993
2 43017  97.7164 243.8492 0255114 220.2428 137.9654 14.79189842164101
AO-91
1 43017U 17073E   20338.18373858  .00001223  00000-0  10036-3 0  9993
2 43017  97.7164 243.8492 0255114 220.2428 137.9654 14.79189842164101
AO-91
1 43017U 17073E   20352.38968355  .00000560  00000-0  48626-4 0  9993
2 43017  97.7170 257.5041 0256163 173.8325 186.6147 14.79214458166207
AO-91
1 43017U 17073E   20358.74847551  .00000863  00000-0  71569-4 0  9991
2 43017  97.7170 263.6161 0256643 153.1339 208.3435 14.79224539167144
AO-91
1 43017U 17073E   20366.32480510  .00000728  00000-0  60933-4 0  9995
2 43017  97.7174 270.8980 0257109 128.5200 233.9370 14.79236092168261
AO-91
1 43017U 17073E   21007.69806422  .00000596  00000-0  50748-4 0  9998
2 43017  97.7172 277.9847 0257340 104.6095 258.3801 14.79245663169358
AO-91
1 43017U 17073E   21014.46239953  .00000579  00000-0  49425-4 0  9991
2 43017  97.7173 284.4859 0257349  82.6735 280.3646 14.79253872170355
AO-91
1 43017U 17073E   21021.70010707  .00000706  00000-0  59276-4 0  9997
2 43017  97.7170 291.4423 0257144  59.1996 303.4255 14.79263850171427
AO-91
1 43017U 17073E   21028.46419589  .00001334  00000-0  10746-3 0  9994
2 43017  97.7171 297.9434 0256787  37.2380 324.6334 14.79279609172420
AO-91
1 43017U 17073E   21035.49872528  .00001226  00000-0  99533-4 0  9993
2 43017  97.7165 304.7046 0256253  14.3635 346.4686 14.79295128173467
AO-91
1 43017U 17073E   21042.53316263  .00000839  00000-0  70247-4 0  9995
2 43017  97.7163 311.4661 0255664 351.4494   8.2401 14.79308265174507
AO-91
1 43017U 17073E   21049.29699248  .00000898  00000-0  75050-4 0  9994
2 43017  97.7156 317.9675 0255097 329.3646  29.2876 14.79322207175500
AO-91
1 43017U 17073E   21049.29699248  .00000898  00000-0  75050-4 0  9994
2 43017  97.7156 317.9675 0255097 329.3646  29.2876 14.79322207175500
AO-91
1 43017U 17073E   21063.50091884  .00001218  00000-0  10007-3 0  9993
2 43017  97.7146 331.6201 0254177 282.8524  74.4405 14.79363217177602
AO-91
1 43017U 17073E   21063.50091884  .00001218  00000-0  10007-3 0  9993
2 43017  97.7146 331.6201 0254177 282.8524  74.4405 14.79363217177602
AO-91
1 43017U 17073E   21070.73815187  .00000646  00000-0  55946-4 0  9992
2 43017  97.7142 338.5761 0254059 259.1064  98.1468 14.79375442178673
AO-91
1 43017U 17073E   21077.29903430  .00000669  00000-0  57574-4 0  9993
2 43017  97.7135 344.8816 0254193 237.5892 120.0501 14.79387136179648
AO-91
1 43017U 17073E   21091.30012614  .00000687  00000-0  58431-4 0  9999
2 43017  97.7123 358.3353 0255031 191.7620 167.7566 14.79410628181716
AO-91
1 43017U 17073E   21098.53737875  .00000551  00000-0  47677-4 0  9994
2 43017  97.7119   5.2884 0255613 168.1512 192.5873 14.79418755182786
AO-91
1 43017U 17073E   21105.30111164  .00000683  00000-0  57516-4 0  9994
2 43017  97.7111  11.7859 0256108 146.1328 215.6541 14.79427626183780
AO-91
1 43017U 17073E   21112.26765081  .00000898  00000-0  73673-4 0  9990
2 43017  97.7106  18.4773 0256494 123.4960 239.1048 14.79441688184813
AO-91
1 43017U 17073E   21119.23404253  .00001057  00000-0  85664-4 0  9996
2 43017  97.7102  25.1679 0256701 100.8875 262.1334 14.79457971185844
AO-91
1 43017U 17073E   21126.53844288  .00000821  00000-0  67669-4 0  9996
2 43017  97.7099  32.1831 0256699  77.1966 285.7796 14.79471740186923
AO-91
1 43017U 17073E   21133.70742487  .00001235  00000-0  99289-4 0  9994
2 43017  97.7093  39.0682 0256474  53.9422 308.5256 14.79487355187988
AO-91
1 43017U 17073E   21140.67335434  .00001415  00000-0  11332-3 0  9990
2 43017  97.7089  45.7583 0256012  31.3214 330.2965 14.79508149189014
AO-91
1 43017U 17073E   21147.50388816  .00001077  00000-0  87905-4 0  9995
2 43017  97.7086  52.3185 0255423   9.1017 351.4696 14.79526288190025
AO-91
1 43017U 17073E   21154.26670121  .00000910  00000-0  75508-4 0  9990
2 43017  97.7081  58.8140 0254768 347.0453  12.4292 14.79542612191027
AO-91
1 43017U 17073E   21161.70574832  .00000679  00000-0  58064-4 0  9999
2 43017  97.7077  65.9593 0254087 322.7255  35.6554 14.79555444192124
AO-91
1 43017U 17073E   21168.67138725  .00000679  00000-0  58269-4 0  9996
2 43017  97.7071  72.6499 0253603 299.8947  57.7289 14.79568732193151
AO-91
1 43017U 17073E   21175.29890874  .00000486  00000-0  43483-4 0  9990
2 43017  97.7066  79.0156 0253360 278.1444  79.1102 14.79577152194135
AO-91
1 43017U 17073E   21182.46749846  .00000548  00000-0  48230-4 0  9993
2 43017  97.7059  85.9007 0253348 254.6088 102.7007 14.79585852195197
AO-91
1 43017U 17073E   21189.29799243  .00000443  00000-0  39984-4 0  9997
2 43017  97.7055  92.4608 0253568 232.2013 125.5998 14.79593250196203
AO-91
1 43017U 17073E   21196.26378215  .00000309  00000-0  29525-4 0  9995
2 43017  97.7045  99.1499 0253989 209.3761 149.2973 14.79598899197230
AO-91
1 43017U 17073E   21203.29721839  .00000537  00000-0  46676-4 0  9990
2 43017  97.7038 105.9032 0254489 186.3812 173.4142 14.79606170198272
AO-91
1 43017U 17073E   21210.53350880  .00000667  00000-0  56311-4 0  9990
2 43017  97.7028 112.8503 0255065 162.7737 198.2335 14.79616435199349
AO-91
1 43017U 17073E   21217.49921163  .00000599  00000-0  50927-4 0  9991
2 43017  97.7020 119.5365 0255561 140.0949 221.9364 14.79625504200375
AO-91
1 43017U 17073E   21217.49921163  .00000599  00000-0  50927-4 0  9991
2 43017  97.7020 119.5365 0255561 140.0949 221.9364 14.79625504200375
AO-91
1 43017U 17073E   21224.46481350  .00000599  00000-0  50728-4 0  9994
2 43017  97.7008 126.2218 0255920 117.4572 245.2913 14.79634720201406
AO-91
1 43017U 17073E   21231.70079315  .00000791  00000-0  65198-4 0  9994
2 43017  97.6999 133.1657 0256118  93.9661 269.0869 14.79645993202471
AO-91
1 43017U 17073E   21238.46325077  .00001256  00000-0  10050-3 0  9996
2 43017  97.6987 139.6544 0256056  72.0215 290.8726 14.79660847203478
AO-91
1 43017U 17073E   21245.49603316  .00001673  00000-0  13234-3 0  9992
2 43017  97.6980 146.4021 0255759  49.1953 313.1139 14.79684942204515
AO-91
1 43017U 17073E   21253.20484637  .00001903  00000-0  15020-3 0  9994
2 43017  97.6971 153.7983 0255197  24.1377 337.1549 14.79711656205652
AO-91
1 43017U 17073E   21266.66103755  .00001885  00000-0  14974-3 0  9993
2 43017  97.6953 166.7086 0253906 340.2520  18.8994 14.79759633207643
AO-91
1 43017U 17073E   21266.66103755  .00001885  00000-0  14974-3 0  9993
2 43017  97.6953 166.7086 0253906 340.2520  18.8994 14.79759633207643
AO-91
1 43017U 17073E   21280.72539641  .00001873  00000-0  14960-3 0  9995
2 43017  97.6937 180.2026 0252690 294.1658  63.3324 14.79820135209727
AO-91
1 43017U 17073E   21287.48700961  .00001779  00000-0  14242-3 0  9998
2 43017  97.6929 186.6903 0252421 271.9567  85.2757 14.79846414210729
AO-91
1 43017U 17073E   21294.51905618  .00001247  00000-0  10150-3 0  9990
2 43017  97.6932 193.4368 0252436 248.8586 108.5479 14.79866908211769
AO-91
1 43017U 17073E   21301.28063688  .00001514  00000-0  12166-3 0  9991
2 43017  97.6929 199.9237 0252645 226.6579 131.3334 14.79885458212765
AO-91
1 43017U 17073E   21308.51547604  .00007427  00000-0  57192-3 0  9996
2 43017  97.6925 206.8647 0252971 202.9362 156.0394 14.79933953213836
AO-91
1 43017U 17073E   21315.47975462  .00001061  00000-0  86292-4 0  9998
2 43017  97.6926 213.5457 0253521 180.1647 179.9525 14.79938445214861
AO-91
1 43017U 17073E   21322.44395631  .00000858  00000-0  70480-4 0  9992
2 43017  97.6925 220.2264 0254071 157.4446 203.8175 14.79951425215891
AO-91
1 43017U 17073E   21329.47567400  .00000841  00000-0  68908-4 0  9991
2 43017  97.6923 226.9714 0254542 134.5558 227.6751 14.79964718216934
AO-91
1 43017U 17073E   21336.50725656  .00001296  00000-0  10311-3 0  9991
2 43017  97.6923 233.7161 0254814 111.6985 251.1565 14.79982455217976
AO-91
1 43017U 17073E   21343.67389152  .00000824  00000-0  67421-4 0  9995
2 43017  97.6925 240.5905 0254868  88.4225 274.6163 14.79997484219038
AO-91
1 43017U 17073E   21350.70515807  .00001319  00000-0  10482-3 0  9999
2 43017  97.6925 247.3351 0254709  65.5822 297.1739 14.80012728220077
AO-91
1 43017U 17073E   21357.66862622  .00003647  00000-0  28095-3 0  9996
2 43017  97.6920 254.0150 0254287  42.9529 319.1233 14.80051323221101
AO-91
1 43017U 17073E   21364.49661245  .00003490  00000-0  26959-3 0  9996
2 43017  97.6925 260.5652 0253667  20.7335 340.3948 14.80099359222117
--
AO-91
1 43017U 17073E   21364.49661245  .00003490  00000-0  26959-3 0  9996
2 43017  97.6925 260.5652 0253667  20.7335 340.3948 14.80099359222117
AO-91
1 43017U 17073E   21364.49661245  .00003490  00000-0  26959-3 0  9996
2 43017  97.6925 260.5652 0253667  20.7335 340.3948 14.80099359222117
AO-91
1 43017U 17073E   22013.69281840  .00002488  00000-0  19482-3 0  9998
2 43017  97.6919 274.1869 0252358 334.3670  24.5205 14.80164841224212
AO-91
1 43017U 17073E   22020.45268002  .00003191  00000-0  24864-3 0  9997
2 43017  97.6912 280.6740 0251715 312.2254  45.7840 14.80216730225210
AO-91
1 43017U 17073E   22027.68556353  .00002356  00000-0  18541-3 0  9995
2 43017  97.6909 287.6148 0251196 288.4701  68.9361 14.80258510226284
AO-91
1 43017U 17073E   22034.64793198  .00003935  00000-0  30561-3 0  9999
2 43017  97.6903 294.2967 0250852 265.5811  91.6706 14.80308166227311
AO-91
1 43017U 17073E   22041.54255319  .00003282  00000-0  25549-3 0  9999
2 43017  97.6897 300.9128 0250813 242.9098 114.6328 14.80356177228334
AO-91
1 43017U 17073E   22048.70740768  .00002127  00000-0  16718-3 0  9996
2 43017  97.6895 307.7884 0251018 219.3644 138.9090 14.80398927229390
AO-91
1 43017U 17073E   22055.66937550  .00002091  00000-0  16384-3 0  9995
2 43017  97.6882 314.4682 0251440 196.5372 162.7532 14.80430516230423
AO-91
1 43017U 17073E   22055.66937550  .00002091  00000-0  16384-3 0  9995
2 43017  97.6882 314.4682 0251440 196.5372 162.7532 14.80430516230423
AO-91
1 43017U 17073E   22069.45775128  .00002618  00000-0  20219-3 0  9995
2 43017  97.6866 327.6952 0252401 151.4760 210.0536 14.80495920232467
AO-91
1 43017U 17073E   22076.35160728  .00002600  00000-0  20020-3 0  9997
2 43017  97.6866 334.3074 0252717 129.0233 233.3776 14.80544741233486
AO-91
1 43017U 17073E   22083.44796460  .00002756  00000-0  21145-3 0  9994
2 43017  97.6846 341.1127 0252897 105.9432 256.9802 14.80579809234533
AO-91
1 43017U 17073E   22090.67918194  .00006692  00000-0  50523-3 0  9992
2 43017  97.6846 348.0469 0252769  82.4482 280.5365 14.80643249235606
AO-91
1 43017U 17073E   22097.70717580  .00006386  00000-0  48213-3 0  9992
2 43017  97.6824 354.7866 0252304  59.6037 302.9854 14.80734119236648
AO-91
1 43017U 17073E   22104.53196733  .00005756  00000-0  43545-3 0  9996
2 43017  97.6830   1.3312 0251656  37.4004 324.4431 14.80816545237659
AO-91
1 43017U 17073E   22111.42390942  .00006623  00000-0  50088-3 0  9994
2 43017  97.6806   7.9408 0250865  14.9273 345.9171 14.80899594238676
AO-91
1 43017U 17073E   22118.51808596  .00009100  00000-0  68693-3 0  9994
2 43017  97.6811  14.7450 0249864 351.7378   7.9754 14.81008510239720
AO-91
1 43017U 17073E   22125.54419168  .00006464  00000-0  49054-3 0  9998
2 43017  97.6791  21.4849 0248917 328.6952  29.9639 14.81104927240764
AO-91
1 43017U 17073E   22132.70512001  .00004046  00000-0  30984-3 0  9990
2 43017  97.6794  28.3541 0248196 305.1520  52.6663 14.81160167241828
AO-91
1 43017U 17073E   22139.25783443  .00005828  00000-0  44369-3 0  9998
2 43017  97.6776  34.6407 0247724 283.5658  73.8073 14.81228605242795
AO-91
1 43017U 17073E   22146.28316518  .00003086  00000-0  23760-3 0  9990
2 43017  97.6773  41.3807 0247471 260.3989  96.9187 14.81294002243832
AO-91
1 43017U 17073E   22153.51099754  .00001636  00000-0  12851-3 0  9992
2 43017  97.6766  48.3145 0247567 236.6019 121.1292 14.81329593244903
AO-91
1 43017U 17073E   22160.67122802  .00001617  00000-0  12662-3 0  9997
2 43017  97.6763  55.1829 0247918 213.0624 145.4883 14.81352458245964
AO-91
1 43017U 17073E   22166.95325492  .00003315  00000-0  25281-3 0  9992
2 43017  97.6757  61.2089 0248312 192.4286 167.0733 14.81384247246894
AO-91
1 43017U 17073E   22174.65361568  .00002604  00000-0  19888-3 0  9998
2 43017  97.6752  68.5943 0248831 167.2112 193.5573 14.81426975248031
AO-91
1 43017U 17073E   22181.61076049  .00001378  00000-0  10738-3 0  9991
2 43017  97.6741  75.2669 0249304 144.4754 217.3350 14.81456786249069
AO-91
1 43017U 17073E   22188.50018066  .00002294  00000-0  17474-3 0  9993
2 43017  97.6733  81.8732 0249654 122.0020 240.5719 14.81487374250088
AO-91
1 43017U 17073E   22195.65949439  .00004167  00000-0  31250-3 0  9993
2 43017  97.6723  88.7384 0249738  98.6898 264.2689 14.81542238251148
AO-91
1 43017U 17073E   22202.75087691  .00004524  00000-0  33843-3 0  9993
2 43017  97.6714  95.5376 0249554  75.6133 287.2640 14.81613050252197
AO-91
1 43017U 17073E   22208.69382543  .00002989  00000-0  22546-3 0  9997
2 43017  97.6709 101.2364 0249240  56.2706 306.1992 14.81657418253071
AO-91
1 43017U 17073E   22216.39236652  .00002621  00000-0  19875-3 0  9996
2 43017  97.6688 108.6176 0248637  31.1671 330.4019 14.81697864254217
AO-91
1 43017U 17073E   22223.41532775  .00003859  00000-0  29079-3 0  9993
2 43017  97.6683 115.3519 0247837   8.2254 352.2908 14.81756517255256
AO-91
1 43017U 17073E   22230.64055667  .00005056  00000-0  38009-3 0  9990
2 43017  97.6662 122.2795 0246963 344.5396  14.8366 14.81820226256325
AO-91
1 43017U 17073E   22237.25783033  .00001887  00000-0  14583-3 0  9998
2 43017  97.6657 128.6248 0246245 322.7894  35.6470 14.81859255257306
AO-91
1 43017U 17073E   22244.48270810  .00002949  00000-0  22512-3 0  9996
2 43017  97.6637 135.5516 0245646 298.9963  58.6830 14.81894685258373
AO-91
1 43017U 17073E   22251.23481614  .00003548  00000-0  26973-3 0  9994
2 43017  97.6632 142.0256 0245286 276.7221  80.6136 14.81940634259374
AO-91
1 43017U 17073E   22258.52691755  .00004013  00000-0  30391-3 0  9999
2 43017  97.6608 149.0163 0245144 252.6524 104.7744 14.81997821260457
AO-91
1 43017U 17073E   22265.68381959  .00002839  00000-0  21620-3 0  9995
2 43017  97.6608 155.8770 0245269 229.0505 128.9252 14.82041659261511
AO-91
1 43017U 17073E   22272.43548050  .00003787  00000-0  28555-3 0  9990
2 43017  97.6590 162.3484 0245592 206.8144 152.0202 14.82086941262514
AO-91
1 43017U 17073E   22279.25444105  .00007131  00000-0  53061-3 0  9990
2 43017  97.6586 168.8841 0245905 184.4014 175.5041 14.82159016263529
AO-91
1 43017U 17073E   22286.41055882  .00004445  00000-0  33136-3 0  9992
2 43017  97.6572 175.7419 0246261 160.9540 200.1087 14.82249445264589
AO-91
1 43017U 17073E   22293.16123167  .00003168  00000-0  23680-3 0  9998
2 43017  97.6568 182.2113 0246607 138.8592 223.1508 14.82311717265589
AO-91
1 43017U 17073E   22300.24911750  .00003350  00000-0  24938-3 0  9999
2 43017  97.6558 189.0031 0246805 115.7202 246.9714 14.82363577266634
AO-91
1 43017U 17073E   22307.20163802  .00005409  00000-0  39869-3 0  9995
2 43017  97.6552 195.6659 0246760  93.0456 269.9022 14.82436915267664
AO-91
1 43017U 17073E   22314.69362339  .00005108  00000-0  37645-3 0  9998
2 43017  97.6546 202.8449 0246372  68.6126 294.1182 14.82534279268778
AO-91
1 43017U 17073E   22321.64517820  .00004141  00000-0  30633-3 0  9994
2 43017  97.6542 209.5073 0245859  45.9304 316.1866 14.82602197269800
AO-91
1 43017U 17073E   22328.46140824  .00004171  00000-0  30898-3 0  9993
2 43017  97.6541 216.0404 0245203  23.6579 337.5685 14.82663013270813
AO-91
1 43017U 17073E   22335.74968919  .00005701  00000-0  42111-3 0  9996
2 43017  97.6534 223.0273 0244352 359.7689   0.3373 14.82739556271890
AO-91
1 43017U 17073E   22342.43024101  .00008612  00000-0  63393-3 0  9995
2 43017  97.6535 229.4319 0243490 337.8326  21.2497 14.82832119272887
AO-91
1 43017U 17073E   22349.51520086  .00008429  00000-0  62111-3 0  9997
2 43017  97.6524 236.2261 0242563 314.5010  43.6601 14.82946337273939
AO-91
1 43017U 17073E   22356.26233016  .00005966  00000-0  44149-3 0  9995
2 43017  97.6532 242.6966 0241840 292.2269  65.3453 14.83050384274932
AO-91
1 43017U 17073E   22363.41389893  .00005087  00000-0  37713-3 0  9998
2 43017  97.6517 249.5569 0241373 268.5811  88.7744 14.83141003275998
AO-91
1 43017U 17073E   23005.43016332  .00006980  00000-0  51421-3 0  9994
2 43017  97.6526 256.2872 0241115 245.3681 112.2247 14.83239235277035
AO-91
1 43017U 17073E   23012.24365985  .00008831  00000-0  64699-3 0  9990
2 43017  97.6511 262.8241 0241068 222.8340 135.3874 14.83342226278040
AO-91
1 43017U 17073E   23019.25904240  .00008682  00000-0  63328-3 0  9993
2 43017  97.6520 269.5542 0241174 199.6864 159.4919 14.83474491279080
AO-91
1 43017U 17073E   23027.15066663  .00006817  00000-0  49575-3 0  9995
2 43017  97.6500 277.1266 0241510 173.7049 186.7298 14.83602103280255
AO-91
1 43017U 17073E   23033.62542937  .00004864  00000-0  35397-3 0  9994
2 43017  97.6506 283.3382 0241851 152.4428 208.9855 14.83666533281212
AO-91
1 43017U 17073E   23040.63936323  .00010680  00000-0  76741-3 0  9990
2 43017  97.6488 290.0681 0242086 129.4617 232.8290 14.83768937282258
AO-91
1 43017U 17073E   23047.92234319  .00012225  00000-0  87420-3 0  9998
2 43017  97.6492 297.0549 0241923 105.6418 257.1633 14.83921224283338
AO-91
1 43017U 17073E   23054.19320534  .00007395  00000-0  53016-3 0  9996
2 43017  97.6474 303.0721 0241658  85.1430 277.7329 14.84013427284260
AO-91
1 43017U 17073E   23061.13777738  .00008339  00000-0  59644-3 0  9992
2 43017  97.6467 309.7346 0241079  62.4489 300.0995 14.84143470285292
AO-91
1 43017U 17073E   23068.75562184  .00018071  00000-0  12833-2 0  9996
2 43017  97.6452 317.0459 0240010  37.5246 324.2452 14.84362597286426
AO-91
1 43017U 17073E   23075.15903584  .00016826  00000-0  11945-2 0  9990
2 43017  97.6441 323.1911 0238893  16.5236 344.3595 14.84556507287379
AO-91
1 43017U 17073E   23082.50519456  .00012721  00000-0  90501-3 0  9994
2 43017  97.6427 330.2440 0237672 352.3789   7.3837 14.84730785288465
AO-91
1 43017U 17073E   23089.44608405  .00013482  00000-0  95891-3 0  9999
2 43017  97.6420 336.9071 0236332 329.4487  29.3135 14.84925319289491
AO-91
1 43017U 17073E   23096.52095633  .00007916  00000-0  56547-3 0  9999
2 43017  97.6406 343.7022 0235364 306.0348  51.9259 14.85083492290542
AO-91
1 43017U 17073E   23103.25839026  .00006976  00000-0  49872-3 0  9998
2 43017  97.6388 350.1716 0234719 283.6657  73.8524 14.85198093291542
AO-91
1 43017U 17073E   23110.66902419  .00007215  00000-0  51450-3 0  9990
2 43017  97.6380 357.2899 0234272 259.0483  98.4298 14.85333214292641
AO-91
1 43017U 17073E   23117.47286042  .00005244  00000-0  37456-3 0  9993
2 43017  97.6364   3.8234 0234164 236.4470 121.4189 14.85437143293659
AO-91
1 43017U 17073E   23124.41107520  .00004574  00000-0  32630-3 0  9992
2 43017  97.6367  10.4876 0234354 213.4570 145.1655 14.85513218294688
AO-91
1 43017U 17073E   23131.61838250  .00007630  00000-0  53814-3 0  9996
2 43017  97.6345  17.4084 0234643 189.6114 170.0574 14.85610220295758
AO-91
1 43017U 17073E   23138.62318856  .00004742  00000-0  33501-3 0  9991
2 43017  97.6350  24.1360 0235030 166.5037 194.2614 14.85690634296790
AO-91
1 43017U 17073E   23145.62759018  .00006615  00000-0  46327-3 0  9999
2 43017  97.6330  30.8610 0235344 143.4485 218.3056 14.85780558297838
AO-91
1 43017U 17073E   23152.22749516  .00007466  00000-0  52057-3 0  9997
2 43017  97.6335  37.1991 0235514 121.7824 240.6569 14.85855226298811
AO-91
1 43017U 17073E   23159.16366188  .00008168  00000-0  56737-3 0  9996
2 43017  97.6313  43.8590 0235517  99.0352 263.7596 14.85951572299843
AO-91
1 43017U 17073E   23166.23393264  .00007585  00000-0  52631-3 0  9998
2 43017  97.6319  50.6487 0235201  75.8675 286.8553 14.86060765300893
AO-91
1 43017U 17073E   23173.16890251  .00009408  00000-0  65100-3 0  9997
2 43017  97.6297  57.3086 0234540  53.1396 309.1073 14.86188875301925
AO-91
1 43017U 17073E   23180.23782323  .00008139  00000-0  56408-3 0  9994
2 43017  97.6303  64.0986 0233566  29.9151 331.5179 14.86327774302979
AO-91
1 43017U 17073E   23187.44075633  .00006997  00000-0  48643-3 0  9995
2 43017  97.6278  71.0177 0232549   6.1723 354.2271 14.86437717304046
AO-91
1 43017U 17073E   23194.64315344  .00007382  00000-0  51371-3 0  9992
2 43017  97.6279  77.9377 0231465 342.3542  16.9728 14.86549263305112
AO-91
1 43017U 17073E   23201.57580000  .00006767  00000-0  47189-3 0  9994
2 43017  97.6258  84.5986 0230484 319.3496  39.0709 14.86660887306146
AO-91
1 43017U 17073E   23207.90230732  .00007539  00000-0  52547-3 0  9993
2 43017  97.6251  90.6782 0229739 298.3008  59.5200 14.86749639307087
AO-91
1 43017U 17073E   23215.64178078  .00006027  00000-0  42087-3 0  9996
2 43017  97.6234  98.1155 0229287 272.5225  84.9763 14.86844866308230
AO-91
1 43017U 17073E   23222.64061947  .00004847  00000-0  33901-3 0  9993
2 43017  97.6228 104.8414 0229121 249.1970 108.4569 14.86925102309274
AO-91
1 43017U 17073E   23228.96626542  .00005886  00000-0  40934-3 0  9990
2 43017  97.6214 110.9196 0229246 228.1479 129.9971 14.86987527310213
AO-91
1 43017U 17073E   23235.49354655  .00005713  00000-0  39618-3 0  9995
2 43017  97.6197 117.1909 0229457 206.4550 152.4806 14.87058208311188
AO-91
1 43017U 17073E   23243.09714617  .00005899  00000-0  40705-3 0  9992
2 43017  97.6187 124.4961 0229869 181.2595 178.8073 14.87140821312319
AO-91
1 43017U 17073E   23250.09475356  .00007562  00000-0  51800-3 0  9991
2 43017  97.6168 131.2184 0230244 158.1347 202.9893 14.87227319313350
AO-91
1 43017U 17073E   23257.22648069  .00009548  00000-0  64987-3 0  9992
2 43017  97.6160 138.0684 0230489 134.6144 227.4132 14.87326889314415
AO-91
1 43017U 17073E   23264.62669791  .00008385  00000-0  56914-3 0  9998
2 43017  97.6137 145.1760 0230535 110.2661 252.3499 14.87449374315519
AO-91
1 43017U 17073E   23271.62257346  .00009112  00000-0  61617-3 0  9990
2 43017  97.6131 151.8953 0230291  87.2892 275.4659 14.87586128316557
AO-91
1 43017U 17073E   23278.61769041  .00014460  00000-0  97261-3 0  9992
2 43017  97.6109 158.6146 0229654  64.2983 298.1753 14.87744708317590
AO-91
1 43017U 17073E   23285.61190283  .00013745  00000-0  92367-3 0  9993
2 43017  97.6105 165.3336 0228661  41.2915 320.5343 14.87934448318632
AO-91
1 43017U 17073E   23292.20174633  .00014513  00000-0  97456-3 0  9995
2 43017  97.6072 171.6653 0227615  19.5336 341.4427 14.88102628319612
AO-91
1 43017U 17073E   23299.59762747  .00010721  00000-0  72172-3 0  9998
2 43017  97.6083 178.7736 0226419 355.0672   4.8314 14.88273084320719
AO-91
1 43017U 17073E   23306.65650577  .00013170  00000-0  88516-3 0  9991
2 43017  97.6056 185.5582 0225137 331.6359  27.2749 14.88462802321767
AO-91
1 43017U 17073E   23313.64720440  .00012196  00000-0  81879-3 0  9997
2 43017  97.6062 192.2799 0223954 308.3663  49.7618 14.88692992322808
AO-91
1 43017U 17073E   23320.23382557  .00008194  00000-0  55191-3 0  9994
2 43017  97.6046 198.6141 0223029 286.3980  71.2826 14.88835118323789
AO-91
1 43017U 17073E   23327.62642598  .00012151  00000-0  81417-3 0  9996
2 43017  97.6053 205.7244 0222471 261.6622  95.9319 14.88972871324880
AO-91
1 43017U 17073E   23333.74152125  .00013721  00000-0  91519-3 0  9996
2 43017  97.6032 211.6067 0222150 241.1912 116.6840 14.89137433325794
AO-91
1 43017U 17073E   23341.60292872  .00006537  00000-0  43673-3 0  9999
2 43017  97.6029 219.1706 0222232 214.9103 143.7372 14.89299911326965
AO-91
1 43017U 17073E   23348.59039520  .00005097  00000-0  34041-3 0  9992
2 43017  97.6031 225.8936 0222488 191.6815 167.9194 14.89376181328003
AO-91
1 43017U 17073E   23355.57742534  .00007870  00000-0  52029-3 0  9991
2 43017  97.6032 232.6166 0222665 168.4445 192.2008 14.89500437329046
AO-91
1 43017U 17073E   23362.63101049  .00007491  00000-0  49297-3 0  9998
2 43017  97.6024 239.4044 0222938 145.0292 216.5804 14.89627986330091
AO-91
1 43017U 17073E   24004.61689064  .00006038  00000-0  39668-3 0  9995
2 43017  97.6021 246.1267 0223271 121.9592 240.3547 14.89708856331138
AO-91
1 43017U 17073E   24011.60232522  .00008399  00000-0  54886-3 0  9996
2 43017  97.6016 252.8491 0223098  98.9065 263.7480 14.89795151332174
AO-91
1 43017U 17073E   24018.65432459  .00008716  00000-0  56843-3 0  9997
2 43017  97.6007 259.6363 0222608  75.6085 286.9728 14.89923302333227
AO-91
1 43017U 17073E   24025.57132918  .00009383  00000-0  61048-3 0  9997
2 43017  97.6005 266.2944 0222119  52.7627 309.3629 14.90055122334251
AO-91
1 43017U 17073E   24032.15196395  .00008842  00000-0  57560-3 0  9991
2 43017  97.5995 272.6294 0221329  31.0422 330.3659 14.90170522335230
AO-91
1 43017U 17073E   24039.60486138  .00012965  00000-0  84157-3 0  9998
2 43017  97.5994 279.8047 0220235   6.3236 354.0680 14.90326538336347
AO-91
1 43017U 17073E   24046.65401476  .00014591  00000-0  94575-3 0  9995
2 43017  97.5972 286.5933 0218998 342.8404  16.5490 14.90529096337399
AO-91
1 43017U 17073E   24053.56799738  .00009602  00000-0  62418-3 0  9992
2 43017  97.5972 293.2526 0217886 319.8205  38.7076 14.90705726338427
AO-91
1 43017U 17073E   24060.61554852  .00008971  00000-0  58373-3 0  9995
2 43017  97.5950 300.0418 0216819 296.2228  61.6847 14.90849843339474
AO-91
1 43017U 17073E   24066.65583851  .00010082  00000-0  65396-3 0  9995
2 43017  97.5950 305.8600 0216452 275.9541  81.7048 14.90970424340372
AO-91
1 43017U 17073E   24074.37337836  .00007167  00000-0  46551-3 0  9995
2 43017  97.5927 313.2960 0215985 250.0713 107.7124 14.91105020341528
AO-91
1 43017U 17073E   24081.41933805  .00011313  00000-0  72925-3 0  9998
2 43017  97.5933 320.0830 0215809 226.3983 131.9153 14.91230982342570
AO-91
1 43017U 17073E   24088.53165925  .00009790  00000-0  62804-3 0  9999
2 43017  97.5898 326.9356 0215885 202.6056 156.5545 14.91415163343632
AO-91
1 43017U 17073E   24095.57619344  .00005060  00000-0  32558-3 0  9999
2 43017  97.5900 333.7218 0216099 179.1263 181.0378 14.91533707344683
AO-91
1 43017U 17073E   24102.62024631  .00008220  00000-0  52307-3 0  9998
2 43017  97.5881 340.5077 0216479 155.6057 205.5596 14.91642045345739
AO-91
1 43017U 17073E   24109.19411851  .00014900  00000-0  93927-3 0  9996
2 43017  97.5872 346.8392 0216485 133.8409 228.0932 14.91797601346716
AO-91
1 43017U 17073E   24116.16939047  .00014337  00000-0  89897-3 0  9998
2 43017  97.5860 353.5604 0215980 110.7009 251.7507 14.92051781347752
AO-91
1 43017U 17073E   24123.61294668  .00010280  00000-0  64304-3 0  9998
2 43017  97.5851   0.7314 0215824  86.0648 276.5213 14.92234848348861
AO-91
1 43017U 17073E   24130.58630814  .00013702  00000-0  85476-3 0  9994
2 43017  97.5831   7.4514 0214941  62.9622 299.3359 14.92383240349900
AO-91
1 43017U 17073E   24137.15631865  .00018837  00000-0  11679-2 0  9998
2 43017  97.5831  13.7831 0214002  41.1972 320.5179 14.92656097350886
AO-91
1 43017U 17073E   24144.59641420  .00014982  00000-0  92893-3 0  9997
2 43017  97.5816  20.9575 0212305  16.4463 344.3507 14.92944552351996
AO-91
1 43017U 17073E   24151.63324650  .00012520  00000-0  77706-3 0  9995
2 43017  97.5798  27.7428 0211199 352.9163   6.9083 14.93112713353047
AO-91
1 43017U 17073E   24158.20034385  .00012395  00000-0  77019-3 0  9995
2 43017  97.5797  34.0779 0209939 330.9315  28.0345 14.93257119354025
AO-91
1 43017U 17073E   24165.63779458  .00007034  00000-0  43886-3 0  9996
2 43017  97.5780  41.2526 0209171 305.8777  52.3179 14.93416996355136
AO-91
1 43017U 17073E   24172.60569812  .00006661  00000-0  41626-3 0  9997
2 43017  97.5781  47.9762 0208198 282.3896  75.4094 14.93522005356177
AO-91
1 43017U 17073E   24179.17127430  .00006609  00000-0  41180-3 0  9999
2 43017  97.5761  54.3105 0208344 260.2852  97.4782 14.93600911357158
AO-91
1 43017U 17073E   24186.60733971  .00007395  00000-0  45912-3 0  9998
2 43017  97.5765  61.4865 0207927 235.1564 122.9948 14.93729931358266
AO-91
1 43017U 17073E   24193.57400374  .00006125  00000-0  37929-3 0  9999
2 43017  97.5740  68.2087 0208369 211.8087 147.0411 14.93824304359301
AO-91
1 43017U 17073E   24200.60721131  .00013171  00000-0  80564-3 0  9991
2 43017  97.5747  74.9959 0208468 188.1040 171.6797 14.93963693360357
AO-91
1 43017U 17073E   24207.17086379  .00008876  00000-0  54210-3 0  9993
2 43017  97.5722  81.3297 0208533 166.2770 194.4242 14.94106144361335
AO-91
1 43017U 17073E   24214.40360845  .00016420  00000-0  99163-3 0  9990
2 43017  97.5722  88.3100 0209016 142.0291 219.5879 14.94256020362416
AO-91
1 43017U 17073E   24221.63545673  .00014232  00000-0  85700-3 0  9998
2 43017  97.5696  95.2893 0208549 118.0309 244.2178 14.94444183363490
AO-91
1 43017U 17073E   24228.39744217  .00018114  00000-0  10805-2 0  9999
2 43017  97.5693 101.8170 0208332  95.5544 266.9476 14.94737832364500
AO-91
1 43017U 17073E   24235.76044516  .00016960  00000-0  10082-2 0  9997
2 43017  97.5666 108.9258 0207277  71.0422 291.3137 14.95013200365601
AO-91
1 43017U 17073E   24242.38604422  .00020476  00000-0  12134-2 0  9998
2 43017  97.5662 115.3248 0206188  49.0386 312.8475 14.95234714366590
AO-91
1 43017U 17073E   24249.14427560  .00024553  00000-0  14480-2 0  9991
2 43017  97.5645 121.8527 0204976  26.5612 334.5938 14.95530486367601
AO-91
1 43017U 17073E   24256.70371161  .00049001  00000-0  28684-2 0  9992
2 43017  97.5622 129.1590 0202984   1.0972 359.0653 14.95920907368733
AO-91
1 43017U 17073E   24263.59255624  .00017775  00000-0  10452-2 0  9999
2 43017  97.5606 135.8178 0201303 338.0568  21.2121 14.96203618369765
AO-91
1 43017U 17073E   24270.61404518  .00018866  00000-0  11068-2 0  9994
2 43017  97.5605 142.6087 0200078 314.3733  44.1248 14.96438631370815
AO-91
1 43017U 17073E   24277.16633489  .00023387  00000-0  13630-2 0  9993
2 43017  97.5570 148.9456 0199296 292.0790  65.9376 14.96722067371799
AO-91
1 43017U 17073E   24284.58615496  .00022491  00000-0  13049-2 0  9994
2 43017  97.5551 156.1243 0197606 266.8490  91.0108 14.97108232372902
AO-91
1 43017U 17073E   24291.60335390  .00017425  00000-0  10081-2 0  9991
2 43017  97.5557 162.9163 0196586 243.0187 115.0842 14.97391785373955
AO-91
1 43017U 17073E   24298.55266553  .00018502  00000-0  10623-2 0  9995
2 43017  97.5553 169.6464 0196599 219.5830 139.0900 14.97627251374992
AO-91
1 43017U 17073E   24305.36720553  .00022450  00000-0  12757-2 0  9995
2 43017  97.5517 176.2444 0196591 196.6403 162.8309 14.97928601376012
AO-91
1 43017U 17073E   24312.38059032  .00021131  00000-0  11890-2 0  9994
2 43017  97.5486 183.0360 0196429 172.8106 187.6010 14.98283419377068
AO-91
1 43017U 17073E   24319.59275161  .00014240  00000-0  79594-3 0  9996
2 43017  97.5488 190.0230 0196503 148.3224 213.0004 14.98568612378144
AO-91
1 43017U 17073E   24325.86909265  .00013521  00000-0  75194-3 0  9995
2 43017  97.5505 196.1054 0196605 127.1737 234.7619 14.98732115379089
AO-91
1 43017U 17073E   24333.47976407  .00016321  00000-0  90236-3 0  9998
2 43017  97.5519 203.4833 0195953 101.6889 260.6394 14.98970576380222
AO-91
1 43017U 17073E   24340.15469960  .00014443  00000-0  79797-3 0  9994
2 43017  97.5487 209.9561 0194773  79.3473 282.9618 14.99180602381225
AO-91
1 43017U 17073E   24347.62953177  .00010752  00000-0  59525-3 0  9997
2 43017  97.5481 217.2046 0193324  54.2789 307.6249 14.99383406382348
AO-91
1 43017U 17073E   24354.36933723  .00014118  00000-0  77951-3 0  9994
2 43017  97.5467 223.7427 0192145  31.6823 329.5796 14.99568227383353
AO-91
1 43017U 17073E   24361.37506699  .00018726  00000-0  10303-2 0  9997
2 43017  97.5481 230.5398 0190811   8.2610 352.1679 14.99806875384407
AO-91
1 43017U 17073E   25002.91307566  .00022731  00000-0  12455-2 0  9993
2 43017  97.5470 237.8578 0188868 343.0351  16.4612 15.00167436385534
AO-91
1 43017U 17073E   25009.18229110  .00014504  00000-0  79625-3 0  9999
2 43017  97.5479 243.9473 0187286 321.9327  36.8784 15.00412363386478
AO-91
1 43017U 17073E   25016.58421628  .00014319  00000-0  78630-3 0  9998
2 43017  97.5470 251.1400 0185543 296.8810  61.3555 15.00640638387581
AO-91
1 43017U 17073E   25023.58497561  .00017691  00000-0  96851-3 0  9996
2 43017  97.5481 257.9448 0183954 273.0308  84.9881 15.00901561388637
AO-91
1 43017U 17073E   25030.18463097  .00016615  00000-0  90804-3 0  9994
2 43017  97.5481 264.3634 0182656 250.4430 107.6992 15.01140925389625
AO-91
1 43017U 17073E   25037.58311594  .00014850  00000-0  80919-3 0  9994
2 43017  97.5494 271.5611 0181688 225.0302 133.6073 15.01386801390732
AO-91
1 43017U 17073E   25044.58070404  .00013456  00000-0  73040-3 0  9992
2 43017  97.5491 278.3718 0181315 200.9585 158.4143 15.01583898391788
AO-91
1 43017U 17073E   25051.64399582  .00013847  00000-0  74634-3 0  9992
2 43017  97.5485 285.2469 0181314 176.7065 183.5402 15.01804077392843
AO-91
1 43017U 17073E   25058.37312750  .00018613  00000-0  99335-3 0  9992
2 43017  97.5473 291.7979 0181577 153.7250 207.3329 15.02029809393858
AO-91
1 43017U 17073E   25065.56752019  .00011126  00000-0  59125-3 0  9992
2 43017  97.5446 298.8015 0182007 129.3589 232.3923 15.02225242394937
AO-91
1 43017U 17073E   25072.62779992  .00016605  00000-0  87519-3 0  9991
2 43017  97.5424 305.6744 0181895 105.6355 256.5024 15.02417274395996
AO-91
1 43017U 17073E   25079.88669848  .00018378  00000-0  96483-3 0  9993
2 43017  97.5391 312.7401 0180629  81.2850 280.8787 15.02690923397083
AO-91
1 43017U 17073E   25086.67806860  .00018712  00000-0  97999-3 0  9990
2 43017  97.5366 319.3512 0179026  58.3240 303.5305 15.02977269398102
AO-91
1 43017U 17073E   25093.53484262  .00018199  00000-0  95204-3 0  9997
2 43017  97.5330 326.0247 0177698  35.1475 326.1321 15.03195117399137
AO-91
1 43017U 17073E   25100.59013174  .00019184  00000-0  99978-3 0  9999
2 43017  97.5346 332.8946 0176503  11.2769 349.2332 15.03464976400199
AO-91
1 43017U 17073E   25107.57768145  .00015728  00000-0  81946-3 0  9995
2 43017  97.5327 339.7008 0175080 347.6895  12.0078 15.03702142401247
AO-91
1 43017U 17073E   25112.16894181  .00016202  00000-0  84430-3 0  9995
2 43017  97.5334 344.1733 0173921 332.1022  27.0959 15.03840618401934
AO-91
1 43017U 17073E   25118.09039366  .00014789  00000-0  76979-3 0  9996
2 43017  97.5319 349.9451 0173018 311.8195  46.8363 15.04016571402820
AO-91
1 43017U 17073E   25128.06911756  .00006882  00000-0  35892-3 0  9990
2 43017  97.5289 359.6685 0172753 277.4325  80.7302 15.04224870404320
AO-91
1 43017U 17073E   25135.18662520  .00007347  00000-0  38193-3 0  9997
2 43017  97.5282   6.6053 0172481 253.0074 105.2188 15.04338220405398
AO-91
1 43017U 17073E   25142.56973085  .00005857  00000-0  30494-3 0  9998
2 43017  97.5295  13.8016 0171992 227.5180 131.1404 15.04443997406502
AO-91
1 43017U 17073E   25149.35386285  .00006859  00000-0  35490-3 0  9996
2 43017  97.5257  20.4137 0172357 204.2544 155.0500 15.04521925407523
AO-91
1 43017U 17073E   25156.60309622  .00006678  00000-0  34370-3 0  9997
2 43017  97.5246  27.4773 0172800 179.7489 180.3856 15.04646737408616
AO-91
1 43017U 17073E   25163.12027789  .00007168  00000-0  36701-3 0  9998
2 43017  97.5252  33.8283 0173052 157.5973 203.2931 15.04746210409596
AO-91
1 43017U 17073E   25170.43487883  .00007280  00000-0  37027-3 0  9992
2 43017  97.5258  40.9580 0173706 132.6295 228.9728 15.04870099410692
AO-91
1 43017U 17073E   25177.61596959  .00006174  00000-0  31375-3 0  9995
2 43017  97.5224  47.9577 0173748 108.4051 253.6154 15.04954392411772
AO-91
1 43017U 17073E   25184.59711786  .00008395  00000-0  42507-3 0  9993
2 43017  97.5215  54.7604 0173029  84.8789 277.2160 15.05051687412828
AO-91
1 43017U 17073E   25191.57768286  .00005734  00000-0  29081-3 0  9992
2 43017  97.5217  61.5646 0172897  61.3048 300.5436 15.05166277413876
AO-91
1 43017U 17073E   25198.15885752  .00008345  00000-0  42081-3 0  9997
2 43017  97.5210  67.9797 0172429  39.1476 322.2078 15.05270207414867
AO-91
1 43017U 17073E   25205.60361590  .00009692  00000-0  48884-3 0  9998
2 43017  97.5184  75.2383 0171047  13.7043 346.8742 15.05398761415983
AO-91
1 43017U 17073E   25212.58244192  .00010229  00000-0  51562-3 0  9996
2 43017  97.5178  82.0417 0170045 349.9122   9.8705 15.05536639417030
AO-91
1 43017U 17073E   25219.56066973  .00007373  00000-0  37348-3 0  9992
2 43017  97.5176  88.8467 0168776 326.1554  32.8990 15.05653461418082
AO-91
1 43017U 17073E   25226.53842428  .00006692  00000-0  33898-3 0  9993
2 43017  97.5144  95.6509 0168293 302.0244  56.4726 15.05758205419131
AO-91
1 43017U 17073E   25232.91774259  .00007238  00000-0  36583-3 0  9999
2 43017  97.5146 101.8722 0167938 280.0665  78.1651 15.05843795420091
AO-91
1 43017U 17073E   25240.42633609  .00008705  00000-0  43903-3 0  9991
2 43017  97.5128 109.1942 0167109 254.1330 104.1423 15.05947877421226
AO-91
1 43017U 17073E   25247.20349030  .00010400  00000-0  52045-3 0  9998
2 43017  97.5106 115.8031 0167449 230.8599 127.7646 15.06098796422249
AO-91
1 43017U 17073E   25253.58140603  .00007642  00000-0  38191-3 0  9991
2 43017  97.5100 122.0221 0167550 208.9781 150.2068 15.06226747423201
AO-91
1 43017U 17073E   25261.08819675  .00007323  00000-0  36442-3 0  9990
2 43017  97.5092 129.3439 0167814 183.0702 176.9512 15.06342893424336
AO-91
1 43017U 17073E   25268.19579363  .00015630  00000-0  76818-3 0  9997
2 43017  97.5049 136.2732 0167951 159.0097 201.8134 15.06508517425407
AO-91
1 43017U 17073E   25275.63439605  .00019642  00000-0  95528-3 0  9994
2 43017  97.5069 143.5281 0168079 133.5778 227.9545 15.06784440426524
AO-91
1 43017U 17073E   25282.14210608  .00010085  00000-0  49061-3 0  9991
2 43017  97.5022 149.8756 0167904 111.5319 250.3899 15.06948891427505
AO-91
1 43017U 17073E   25289.18027154  .00010183  00000-0  49280-3 0  9996
2 43017  97.5025 156.7414 0167926  87.4657 274.5782 15.07112834428563
AO-91
1 43017U 17073E   25296.54945767  .00011176  00000-0  53891-3 0  9999
2 43017  97.5010 163.9292 0167108  62.7698 299.0446 15.07311912429674
AO-91
1 43017U 17073E   25303.18754484  .00015190  00000-0  73045-3 0  9995
2 43017  97.4998 170.4053 0165956  40.1739 321.1619 15.07473772430675
AO-91
1 43017U 17073E   25310.62123242  .00016572  00000-0  79449-3 0  9993
2 43017  97.4985 177.6597 0164967  15.0200 345.5842 15.07682308431797
AO-91
1 43017U 17073E   25317.39020005  .00025058  00000-0  11953-2 0  9991
2 43017  97.4972 184.2673 0163495 351.7508   8.1037 15.07947254432814
AO-91
1 43017U 17073E   25324.35700200  .00012166  00000-0  58230-3 0  9993
2 43017  97.4967 191.0694 0162092 327.9557  31.1893 15.08172847433869
AO-91
1 43017U 17073E   25330.39419438  .00013546  00000-0  64622-3 0  9999
2 43017  97.4950 196.9659 0161438 307.0126  51.6422 15.08334216434776
AO-91
1 43017U 17073E   25338.61965816  .00022240  00000-0  10548-2 0  9996
2 43017  97.4955 205.0006 0160004 278.6133  79.6996 15.08594182436013
AO-91
1 43017U 17073E   25345.45102176  .00020398  00000-0  96207-3 0  9997
2 43017  97.4949 211.6763 0159746 254.9625 103.3878 15.08821768437044